1	12.123663	41.09263	-82.66171	-39.86077	47.787033	-12.799583	24.604786	-33.57565	16.479382	47.140293
3	8.126129	29.387993	-59.788696	-28.240665	34.332874	-6.3785024	16.413485	-22.724304	16.278713	29.720022
4	10.717443	40.019363	-79.11519	-36.959415	43.634766	-10.945423	22.364319	-30.133533	19.69534	40.57676
5	14.894389	53.145367	-105.03705	-49.953014	54.606464	-20.289816	33.59262	-41.48862	19.49473	63.007847
6	11.014911	46.821922	-86.58102	-40.473053	47.642376	-16.92257	24.799723	-34.01615	17.574469	47.500748
7	15.751677	46.147476	-93.01748	-39.992798	45.26559	-19.419722	33.970158	-41.352016	13.2619705	66.28492
8	13.238793	47.944168	-94.82857	-42.445633	46.747074	-17.922934	26.727612	-39.737186	16.715387	56.40382
9	2.7914553	30.327831	-54.65978	-15.741318	25.440662	-16.759747	13.918904	-21.878946	9.524488	28.72675
10	13.555367	50.388775	-100.96667	-44.82991	52.28991	-20.177895	32.11505	-40.185547	14.893782	59.43484
11	11.150352	40.435173	-79.348885	-37.007816	46.42203	-10.875828	22.330526	-30.831999	20.920296	39.126896
12	9.221607	34.353138	-67.12222	-31.955812	40.235332	-7.2615976	20.568102	-27.044434	19.09829	33.43058
14	16.339325	40.18451	-97.89245	-48.958027	46.098503	-16.031565	22.146667	-31.398209	8.355701	56.4561
15	9.573715	41.42559	-81.05509	-39.47429	47.121967	-11.077406	23.57964	-31.545149	20.484947	40.608383
16	25.929373	62.482555	-159.49664	-49.13764	40.268917	-2.136102	13.019474	-71.1568	27.475504	81.92369
17	11.360341	41.464058	-87.94501	-32.04084	37.04253	-11.729129	17.831034	-44.78597	15.072773	50.683327
18	4.2621217	27.980803	-112.99391	-26.834503	14.865743	-24.291788	17.609346	-34.772346	-6.9778595	55.697422
19	10.051929	35.419525	-82.9584	-35.012897	43.01176	-13.370765	24.76933	-33.210533	9.376367	49.659557
20	11.41075	45.025784	-85.62118	-43.12514	48.918663	-11.609556	23.94858	-33.16952	22.56754	45.732815
21	9.454951	27.730312	-57.52428	-27.687243	33.8534	-4.8605924	16.222837	-22.708982	15.993647	28.971897
22	8.588673	45.255985	-84.73279	-42.90015	52.29556	-12.2843895	25.67009	-35.374104	25.55151	40.26928
23	7.8815227	29.24988	-57.972244	-26.75033	32.955135	-8.130649	16.4372	-21.984222	14.932023	28.706469
24	5.3080916	48.903393	-87.25439	-34.908825	38.884895	-25.502693	23.443398	-46.184834	15.03988	46.68208
25	13.612166	45.81845	-91.0807	-43.10821	46.74381	-18.4392	28.816446	-34.773197	13.569898	58.24797
27	10.915609	42.661804	-74.61128	-37.135605	41.68305	-15.391142	21.454374	-30.76913	13.778646	45.61987
28	13.65119	42.84156	-81.11052	-41.255943	47.151543	-15.145447	26.715471	-31.06299	15.340037	49.864647
29	11.481699	45.073	-93.99349	-41.40219	43.496117	-15.877419	22.031187	-34.83718	16.672672	52.16438
30	13.276474	42.26797	-83.26929	-39.00276	48.15617	-10.393364	22.439972	-33.349953	20.460682	44.78991
31	-18.101484	119.29349	-225.96857	-109.94142	61.937508	-58.448277	102.60567	-97.0022	19.430141	110.43624
32	6.123433	42.898182	-86.306564	-35.509144	33.316067	-25.59915	29.590246	-31.086632	5.883845	52.060596
33	9.959968	42.211555	-77.09188	-35.17576	43.547127	-13.173654	21.823639	-31.419603	18.382788	40.649315
34	8.098589	38.062046	-70.17616	-32.89957	35.68474	-13.392246	23.35451	-31.958363	9.452961	44.12733
35	32.80585	143.27744	-299.4046	-151.17871	201.03189	-45.85767	111.32067	-83.3372	61.57501	168.88309
36	14.627131	35.916096	-64.81898	-44.995617	51.789734	-37.5616	28.055305	-20.36706	-0.0840047	35.565487
37	-10.150664	54.852184	-74.165855	-21.413685	26.652199	-48.24043	45.590324	-40.155	-4.8749475	59.438305
38	13.852125	47.440105	-99.542244	-37.784157	38.29714	-17.754778	26.226799	-45.790764	9.594651	65.758705
39	9.33835	40.913647	-78.199295	-34.52675	42.842518	-13.438348	23.682768	-31.958597	14.778301	41.98583
40	13.052674	50.931053	-112.32086	-33.500652	45.69696	-26.295341	15.941372	-24.64644	22.378536	52.26712
41	9.217982	37.943493	-73.1154	-33.647003	41.077557	-11.604369	20.782877	-28.969751	18.408552	37.076782
42	10.461782	32.088078	-65.8933	-32.326042	39.479794	-6.021317	21.65299	-26.508018	17.945078	35.49239
43	26.588646	40.63758	-102.24306	-53.420128	54.306072	-14.49385	29.20939	-41.35988	7.264631	64.666954
44	7.4610796	41.05197	-80.84604	-39.62142	45.443935	-13.643235	23.163593	-33.1443	28.2716	38.72426
45	10.07792	33.725067	-71.47238	-32.51263	27.51363	-15.618688	23.5246	-27.575405	5.65923	50.496536
46	9.774818	35.295975	-72.66575	-35.6094	33.786392	-16.559746	24.020992	-31.025126	5.3956976	48.98592
47	13.498377	46.795895	-88.121635	-42.2865	48.59913	-14.733907	25.718761	-35.401093	17.672825	52.06621
48	8.782728	32.030777	-63.26568	-30.345427	36.778477	-7.0893135	19.150688	-24.373491	17.157095	33.238476
49	4.098808	66.613235	-126.371826	-49.633003	41.35025	-42.826214	42.994434	-55.813213	19.687523	64.57213
50	11.981604	37.851	-72.69934	-36.535652	39.272495	-13.870441	20.182598	-31.02464	10.582408	48.611073
51	11.474193	55.868465	-89.019646	-49.148655	61.866806	-22.987886	31.044123	-45.12283	24.379988	45.118267
52	17.211538	48.509373	-100.727425	-46.42926	52.46002	-16.931355	31.151918	-41.930653	17.236721	63.688732
53	9.219341	25.705015	-54.46441	-26.541111	32.442543	-4.2656417	17.032066	-21.91318	16.472713	27.223715
54	12.555171	41.29011	-78.98652	-43.096596	51.253036	-10.921392	28.478504	-33.074112	21.167233	47.99193
55	7.705163	39.784035	-75.44165	-32.765766	36.153603	-15.049993	23.51776	-32.52201	10.71955	44.81429
56	19.616898	88.61354	-224.27908	-73.53527	75.904144	-63.56579	41.42817	-69.427155	24.136272	76.73031
57	15.193137	45.181274	-93.56073	-41.989933	44.921265	-21.596968	32.925404	-35.86203	10.23076	59.547768
58	10.466306	56.420277	-145.25716	-45.709682	40.904903	-37.48138	26.275887	-42.311474	7.184378	68.26739
59	10.512272	31.657688	-64.17987	-32.05332	28.374657	-11.6674	23.850132	-28.399939	5.997176	46.13137
60	0.02335911	28.197126	-65.772095	-42.71054	25.770151	-43.26267	37.264103	-16.900377	3.4972925	45.759495
61	11.224296	51.04211	-80.61735	-62.343662	51.026966	-8.871635	20.144545	-41.07912	33.978256	35.3253
62	8.923396	35.45156	-71.61084	-34.303955	42.6035	-8.585584	21.1364	-28.78201	19.148588	35.442036
63	6.4475327	45.048214	-95.210915	-38.405796	41.42087	-21.715757	26.268831	-29.675596	23.140753	40.34113
64	11.071143	41.9216	-78.19232	-36.348408	43.942192	-13.07752	23.33913	-31.23673	16.805529	44.561153
65	8.918426	26.040937	-54.844196	-25.914734	31.451612	-4.4717445	16.833967	-21.90292	15.72732	26.999271
66	17.872217	43.00343	-89.46517	-52.337986	60.501118	-19.20563	23.234648	-49.88319	27.151403	51.08779
67	12.045401	51.42835	-98.47595	-45.89787	53.724266	-18.818472	29.111168	-38.363213	19.84294	53.652027
68	16.67081	49.97785	-103.4046	-48.343216	54.98499	-18.23062	32.95687	-37.919003	19.189774	59.45597
69	9.251007	38.863426	-77.39695	-37.065258	45.939663	-10.43898	22.337902	-31.01566	22.220327	36.990395
71	4.6238847	39.77857	-160.83603	-36.113598	26.798595	-22.607204	11.833205	-31.036695	9.23542	30.01488
72	13.445485	46.16356	-90.42741	-43.83329	51.920795	-12.8957405	28.013317	-35.427536	21.727255	48.3767
73	11.31622	41.137787	-83.23089	-40.158634	46.877846	-13.867205	26.56151	-34.28455	15.633518	50.01931
74	9.587076	43.992794	-84.54082	-38.946594	48.770214	-14.498768	22.547865	-33.140816	19.932543	41.532932
75	7.301082	41.00948	-87.09316	-38.046852	46.29771	-15.917483	25.452028	-38.2896	15.437337	36.78119
76	3.3351376	56.726307	-113.50871	-24.578066	29.667856	-32.824856	16.388685	-35.673466	5.6051807	65.24704
77	6.8117895	23.938906	-47.141514	-22.192629	26.795128	-4.952308	11.873502	-21.607342	15.022854	22.684092
78	10.359008	41.71723	-88.779816	-39.386208	46.122913	-15.336975	23.092321	-39.786804	18.40005	43.57608
79	11.818821	48.65391	-93.22569	-43.031006	52.747524	-13.962214	27.347725	-38.611435	21.746239	48.84165
80	11.089891	41.291172	-81.802246	-39.43254	46.842415	-10.629663	23.501509	-32.893383	19.855087	44.43589
81	4.9320807	36.994507	-81.435425	-27.66536	36.699886	-20.706894	20.850704	-33.97735	19.491058	35.611416
82	8.491228	39.028465	-72.09495	-33.821644	44.045128	-12.085099	22.70144	-32.1867	23.052328	35.97644
83	15.29449	56.178497	-104.39903	-50.925	53.21141	-27.470455	51.23749	-48.49189	13.515418	81.11133
84	17.90365	18.061895	-75.63323	-14.030142	22.997925	-1.3987046	0.33286878	-51.041855	14.566863	44.117043
86	6.0091662	33.83542	-74.85804	-28.12548	20.796076	-22.383657	25.635427	-25.908014	1.2491268	50.115215
87	8.843774	45.805637	-88.6911	-36.624798	53.548866	-13.260842	21.335032	-38.600952	23.485527	38.673794
88	-3.3348413	43.04397	-80.68492	-39.8949	41.495464	-24.56772	12.359349	-43.65913	27.583641	30.93559
89	30.63529	74.74389	-149.05835	-65.52209	74.97293	-31.874176	63.636246	-57.118217	19.17408	99.24338
90	9.639293	35.066154	-70.57977	-29.488394	40.211555	-14.145478	24.791914	-31.608217	7.8394556	44.039112
91	4.4472513	50.253918	-102.408104	-17.596968	27.886759	-27.308964	22.388338	-40.90018	15.06378	46.12873
92	11.798567	38.82542	-78.281845	-35.92231	45.699966	-8.1899	20.934465	-31.523212	20.756804	38.576946
93	17.025866	85.04161	-186.39154	-48.599525	61.233067	-50.958664	15.212316	-19.019054	44.95766	64.84687
94	9.265675	43.389412	-84.889145	-39.51893	40.410133	-19.86975	25.303307	-33.1721	10.114615	51.350468
95	11.301135	45.648956	-88.07083	-41.577885	48.664173	-14.936821	23.629389	-33.595303	19.533937	46.00166
96	11.097865	40.01719	-80.81377	-39.021133	47.020073	-10.756072	24.020113	-33.384895	20.641415	41.67614
97	10.062893	43.50094	-100.67061	-38.30859	40.288696	-20.64479	31.610298	-39.26126	5.37586	63.97115
98	7.30298	40.96123	-80.35264	-33.663364	41.05719	-19.229414	21.282038	-32.728584	23.35946	39.815598
99	9.125385	27.70016	-59.05374	-29.59211	34.846115	-4.313355	16.628044	-23.371698	18.973204	28.094519
100	12.661181	40.95373	-80.51153	-39.272907	46.125645	-9.658447	23.787106	-33.462353	18.570896	44.319443
101	13.836311	47.299274	-91.66067	-42.280945	51.162003	-17.178516	27.93267	-36.29587	18.346972	51.142845
