1.290299701690673828e+01 -2.319118309020996094e+01
4.435070037841796875e+01 -1.469551563262939453e+01
-1.023262310028076172e+01 2.805227661132812500e+01
9.401666641235351562e+00 -4.499631404876708984e+00
4.088708877563476562e+01 7.968535900115966797e+00
-5.308283996582031250e+01 -2.689618682861328125e+01
-3.706681442260742188e+01 -1.581297302246093750e+01
-5.175824737548828125e+01 1.686276054382324219e+01
-3.512230300903320312e+01 -4.021580123901367188e+01
-3.568698120117187500e+01 4.343253135681152344e+00
-2.159989738464355469e+01 -7.975409984588623047e+00
-4.402235794067382812e+01 3.769754409790039062e+01
2.997964286804199219e+01 -3.231431198120117188e+01
-1.515573215484619141e+01 -5.020683288574218750e+01
2.627508926391601562e+01 -8.110106468200683594e+00
-2.081920051574707031e+01 -2.694359016418457031e+01
-2.981490135192871094e+00 -3.496308517456054688e+01
2.013373756408691406e+01 4.567734527587890625e+01
3.217218399047851562e+01 2.716352272033691406e+01
-6.624253273010253906e+00 -7.291185259819030762e-01
-2.025255680084228516e+00 4.712718582153320312e+01
-1.825008010864257812e+01 1.110087680816650391e+01
-2.284153556823730469e+01 4.465509033203125000e+01
1.987144088745117188e+01 1.099035167694091797e+01
-3.008338546752929688e+01 2.372252082824707031e+01
-5.496136474609375000e+01 -4.118981361389160156e+00
1.250215244293212891e+01 -4.696205139160156250e+01
-4.781466007232666016e+00 -1.739186286926269531e+01
1.005410003662109375e+01 2.871146011352539062e+01
1.390433549880981445e+00 1.365729331970214844e+01
