0	-10.058928	-27.19542	-144.37712	-69.15301	97.88816	-537.9084	-70.50143	-12.727733	-23.643816	-42.643932
1	0.017774267	-1.9793466	-115.380325	-65.171936	71.66229	-48.829144	-39.113674	-14.96316	2.0814881	-39.558147
2	-9.63461	-5.602073	-91.25436	-47.344543	60.485268	-50.762665	-40.09332	-10.455763	-6.0458837	-35.326794
4	-9.144729	7.0220857	-78.52562	-27.961403	40.24155	-42.297195	-44.747467	-20.13671	-4.932906	-28.374168
5	-8.465537	-2.4429011	-80.57342	-43.362484	50.07388	-49.304043	-43.405922	-10.02409	-2.9951298	-33.971046
6	-5.775043	3.2221706	-109.121086	-52.957645	62.907795	-64.1667	-34.66854	2.2878177	1.2718071	-45.55793
7	-6.841885	0.47694865	-68.750626	-35.31505	47.873028	-41.670555	-35.542023	-7.4320793	-7.747538	-25.889807
8	-8.360673	3.6309187	-75.70926	-40.35628	52.9093	-47.68536	-40.281425	-7.8352337	-7.2745047	-28.865583
9	-6.2517476	-1.288003	-79.02944	-42.19055	52.956387	-46.66228	-38.51071	-11.296599	-7.264649	-29.656403
10	-7.6233554	0.12423004	-74.16272	-38.70725	52.020714	-43.979668	-38.629066	-7.985166	-7.3778477	-26.710138
12	-6.4038367	-17.178492	-120.5259	-56.66415	85.99722	-18.01868	-50.53787	-9.1742	-0.9875585	-41.13644
13	-16.182281	-20.491299	-205.54642	-98.71098	139.78194	-108.18474	-85.25754	-10.354252	-14.332537	-76.35298
14	-7.736311	17.406408	-144.6524	-81.61346	63.141026	-80.00756	-92.59807	-34.703396	-13.674915	-49.368156
15	-7.5955276	-2.1668494	-76.701096	-40.251926	51.79419	-43.15705	-35.116425	-6.2419405	-1.8869975	-30.044653
16	-9.156202	0.70725775	-78.36984	-40.370197	54.802452	-47.131023	-41.30109	-10.048195	-8.426575	-30.506964
17	-11.192427	2.9548795	-81.96227	-42.79168	57.731483	-53.297115	-43.148453	-8.438606	-8.779359	-31.55404
18	-0.3941624	-20.004995	-201.00359	-97.70943	125.14073	-93.86155	-94.099464	-31.3673	-13.674732	-72.84668
19	-34.708977	-38.55551	-288.95856	-127.63305	203.17668	-173.38896	-133.03696	-30.423666	-1880.6913	-123.41824
20	-7.81519	0.45765993	-81.53293	-41.795288	54.600864	-46.937565	-41.498272	-8.240877	-5.7577662	-30.198921
21	-35.870144	26.739359	-252.1572	-146.56421	159.9228	-184.33965	-131.4382	-1.8285134	-0.9325042	-93.113045
22	-7.6608143	7.9997506	-79.091835	-44.21433	53.857235	-55.0223	-47.276054	-9.122805	-10.919101	-30.286217
23	-12.428729	10.332251	-76.84487	-38.34815	53.706547	-49.864002	-36.90416	-17.255636	-11.664223	-27.373915
25	13.823191	-29.033892	-119.65897	-60.96315	61.100494	69.80815	-27.461367	-2.0766823	40.0598	-14.237395
26	-6.263414	-5.6216006	-168.87445	-80.19539	96.6997	-85.210495	-37.319458	5.9021163	1.5462317	-60.847225
27	-3.3367624	2.0673363	-58.042343	-30.138779	39.20455	-34.427616	-31.16074	-5.9530883	-4.174356	-23.239292
28	-8.121293	-4.5869994	-118.781006	-56.29938	72.24691	-62.59477	-52.34594	-3.3901513	-1.668672	-44.241623
30	-5.968368	-5.5790286	-94.70779	-44.860893	54.68517	-46.996235	-41.10646	-2.3056223	5.0294476	-34.217926
31	-3.5924177	-6.954139	-97.447845	-46.418823	60.80203	-46.665855	-42.27975	-12.097263	-8.516846	-34.586197
32	-9.950405	-3.9027903	-60.129246	-28.795778	30.893261	-39.124817	-28.557507	-5.900273	7.703072	-22.00408
33	-11.262927	-0.36146057	-79.66768	-45.009197	60.388126	-47.828976	-44.023705	-9.163443	-6.4703436	-27.606918
34	-12.398482	2.4983437	-85.86718	-44.796288	54.113663	-47.232067	-35.34394	-11.045416	-6.9825687	-26.791176
35	-11.974334	16.404896	-71.37779	-37.064133	43.84815	-49.943634	-41.97979	-7.477914	-9.337492	-28.808903
38	-11.812024	0.317729	-130.7184	-69.31076	88.23507	-77.49276	-55.608017	-10.087275	-6.018202	-52.38389
39	-4.235031	-16.673643	-159.38377	-71.54485	96.57865	-75.193436	-67.00345	4.5465603	1.6808227	-57.598564
40	-14.391536	-2.389131	-79.100876	-38.26142	54.636	-44.568645	-43.652496	-8.159044	-11.752512	-28.923538
41	5.4441867	2.9652421	-196.18362	-116.719635	121.53855	-115.66086	-65.46995	1.490408	-8.633933	-77.41237
42	-10.42638	11.857287	-101.78102	-56.57062	66.17881	-67.97546	-51.691727	-14.840304	-12.251359	-40.047623
43	-6.1013575	2.5464675	-106.50392	-52.99543	63.20185	-59.241444	-31.723145	3.4200706	2.4984863	-42.658115
44	-8.809527	-5.6476574	-110.26979	-53.47917	72.80314	-65.773445	-58.3921	-13.562661	-11.193322	-38.55213
45	-6.910856	-3.9347801	-67.9926	-33.713913	47.80151	-34.76931	-29.562197	-10.576106	-6.299609	-22.245129
46	-10.250253	-14.354794	-91.493004	-51.463566	64.76201	-68.914116	-56.532997	-13.599518	1.6710701	-34.403442
47	-9.02249	-1.599269	-70.93278	-38.320652	47.752872	-43.907864	-35.91806	-6.7799535	-2.1547797	-28.2728
49	-9.862945	-4.1003265	-102.98911	-43.915077	54.671646	-49.901535	-30.996294	1.760237	-5.7467604	-39.063988
50	-8.011742	-0.114112236	-64.89513	-31.95473	40.783302	-37.94329	-24.021286	-3.1729195	-3.4259372	-25.339548
51	-5.423766	1.8269235	-57.03708	-27.111359	39.150078	-67.25024	-27.375412	-3.0381563	-1.0727049	-16.61209
52	-4.4672737	-9.30724	-84.05849	-35.788563	56.97765	-37.633865	-38.995354	-7.432389	-20.048536	-31.26542
53	-8.943743	0.16183394	-78.04948	-41.29242	55.396446	-47.76267	-41.351364	-8.865541	-7.4058857	-29.907848
54	-48.149517	-21.556469	-300.8794	-139.70357	183.44305	-160.90775	-101.49396	-32.963608	2.44101	-113.9296
55	-5.9896116	3.6327188	-105.73427	-52.11882	63.617462	-61.66548	-57.689293	-12.207936	-5.2639213	-34.614704
56	-3.5839963	-9.531252	-90.20577	-47.055588	52.826397	-49.240685	-40.980316	-5.850908	1.4059138	-36.12866
57	-12.59042	3.94958	-88.73895	-47.709732	61.083042	-55.193733	-45.58257	-11.919944	-8.942327	-33.07222
58	-7.6292076	-0.19539367	-77.507484	-39.32005	50.80146	-42.874336	-35.922417	-7.2473993	-4.570169	-27.699726
60	-7.104785	-0.19095564	-77.956345	-41.554214	55.886757	-47.693504	-41.203976	-8.868346	-7.0429964	-31.299072
61	-9.431111	0.43804103	-87.32257	-43.52123	58.357147	-50.673798	-42.589798	-7.2702303	-6.7533436	-32.699585
62	-10.393524	15.095611	-91.27105	-42.68502	52.4772	-47.864964	-32.188972	-7.3017225	-11.152218	-27.804487
63	-10.927933	1.2246295	-73.027016	-38.227116	48.349564	-44.00874	-35.403847	-7.8342648	-1.4625437	-27.287024
64	-7.8559866	-28.266033	-147.46385	-66.49526	97.85943	-67.991066	-53.94694	-1.4737763	0.78438413	-48.58108
65	-15.699308	-10.644749	-102.74107	-61.56656	72.53912	-71.41337	-66.75699	-9.733547	2.6936612	-37.51448
66	-6.736153	1.719637	-76.37436	-40.069363	52.8115	-47.899864	-39.76791	-6.64452	-7.992748	-29.0285
67	-11.107267	5.1091948	-78.86499	-44.21008	53.12883	-52.91636	-40.70656	-11.003933	-9.627721	-28.87867
68	-12.787236	-0.714269	-105.25782	-51.402565	70.80571	-59.70167	-51.541145	-11.934273	-6.9031167	-37.123524
69	-12.028922	-8.586542	-88.51426	-38.929604	50.088642	-39.18991	-29.58495	-10.03502	5.4683104	-32.194996
70	-9.072276	2.9355135	-90.667534	-46.6898	58.95057	-49.39352	-47.214325	-6.8441935	-15.090877	-31.021832
71	-7.004793	5.7006445	-90.50701	-43.56121	60.03305	-63.590096	-50.583954	-21.46893	-4.660484	-35.558292
73	-8.92212	0.69148624	-77.11457	-40.70202	54.310326	-49.15304	-41.614902	-8.647647	-7.9176917	-29.051058
74	-10.965807	2.7281342	-83.85698	-45.153286	58.647133	-54.235046	-44.860527	-11.88761	-9.013642	-31.386513
75	-1.3498766	1.2174562	-96.441956	-49.356663	59.738792	-53.145157	-45.822334	-9.337476	-1.3920426	-37.864124
76	-12.348279	-12.114112	-235.84978	-93.061584	111.55135	-114.28225	-128.28325	-51.16625	-31.014505	-91.912
77	-12.4778185	0.76667106	-75.591354	-39.935543	50.365574	-47.32047	-35.128452	-5.6654625	-2.7364318	-29.927647
78	-7.2203646	-3.0321953	-86.434044	-40.809982	57.996834	-47.048985	-39.661785	-6.329895	-6.1236916	-32.46244
79	-10.504272	-1.2182505	-84.73815	-43.37982	60.928272	-46.750065	-45.27216	-13.441662	-10.452504	-33.055878
80	-8.242256	3.5995529	-81.51892	-42.987865	47.68335	-47.884163	-37.564983	-3.4176698	-4.479918	-30.883928
81	-0.93477935	1.843816	-83.50419	-45.194836	51.46322	-42.43866	-38.50458	-10.528948	0.27854759	-31.313972
82	-11.273566	1.4441866	-90.54215	-41.08158	51.131393	-54.180065	-31.712154	0.2847987	-5.7766275	-34.307407
83	-9.718016	0.9617484	-80.42567	-39.556118	51.021507	-43.40149	-34.042877	-5.79005	-3.7694347	-28.797718
85	-7.680208	1.6961061	-85.87225	-43.298386	48.28591	-43.64691	-34.35995	-3.6631002	2.972983	-32.71693
86	-3.1461458	-4.5512257	-57.843708	-29.485975	41.985886	-29.443918	-27.103962	-6.9194217	-4.0291	-21.389555
87	-5.5731087	-8.552909	-77.192665	-35.69904	53.619247	-41.04109	-33.870403	-6.4148073	-4.110597	-28.22656
89	-14.917901	1.63593	-83.883415	-45.26205	63.203346	-54.939743	-44.62712	-11.434819	-7.891096	-29.67433
90	-0.86021096	-1.3254066	-112.6913	-64.785164	71.36834	-47.616314	-37.175903	-15.970179	1.8406379	-37.637375
92	-0.7146693	-71.16717	-404.91953	-161.9929	240.83008	1316.5746	-116.425705	-3.3909981	42.742477	-127.66212
93	-6.2054515	2.1547997	-74.95751	-40.420208	54.186165	-41.60613	-32.487034	-7.1634197	-13.225299	-23.719517
94	-2.9242887	-22.183603	-130.20662	-55.013435	78.72114	-50.410713	-40.962517	-3.1143062	10.791575	-46.019222
95	-5.142939	-18.923553	-124.22963	-54.262768	79.126236	-48.176327	-44.44454	-0.7726539	11.081239	-41.37397
96	-8.853582	-0.02171454	-80.12722	-41.174725	55.07803	-49.16777	-42.595657	-9.169368	-7.13662	-30.144587
97	-8.486623	-4.2878284	-80.033455	-39.802204	51.95769	-40.422894	-32.366245	-3.2881496	6.6018987	-30.857271
98	-3.5816047	5.741763	-89.3016	-41.911045	51.98974	-55.91952	-34.66259	4.5776215	-5.207656	-37.25675
99	-11.589848	-0.83400685	-76.37891	-40.203865	51.108395	-45.804565	-37.096546	-8.857838	-8.490549	-27.968994
