1.668789863586425781e+00 2.650413322448730469e+01
-1.626713752746582031e+01 -2.797002792358398438e+01
-7.218276977539062500e+00 -1.584734821319580078e+01
-7.829240798950195312e+00 -1.156494522094726562e+01
3.253355264663696289e+00 9.174270629882812500e+00
-1.016177654266357422e+01 -3.513101816177368164e+00
1.655655670166015625e+01 4.804490661621093750e+01
1.480202865600585938e+01 5.718511199951171875e+01
1.381501102447509766e+01 7.177630424499511719e+00
-3.355534791946411133e+00 -6.902085304260253906e+00
-6.468543529510498047e+00 -4.210599899291992188e+00
-1.299824619293212891e+01 -4.622476959228515625e+01
-7.395155906677246094e+00 -1.304467868804931641e+01
1.238995456695556641e+01 2.287770271301269531e+01
1.745796775817871094e+01 5.335019683837890625e+01
-2.028927040100097656e+01 -1.221746158599853516e+01
-6.694558143615722656e+00 -5.667025756835937500e+01
1.413936042785644531e+01 1.686727142333984375e+01
1.562115287780761719e+01 4.217243194580078125e+01
-8.015443801879882812e+00 -5.135487365722656250e+01
-8.981986045837402344e+00 -2.185594177246093750e+01
-9.784973144531250000e+00 -3.702989196777343750e+01
1.816713571548461914e+00 -4.540744781494140625e+00
-1.125178623199462891e+01 -4.865216064453125000e+01
1.953368663787841797e+00 6.099750518798828125e+00
-5.938539028167724609e+00 -1.276847076416015625e+01
-1.653351020812988281e+01 -1.005409336090087891e+01
2.400403609499335289e-04 -4.070571422576904297e+00
-3.481984376907348633e+00 -2.857624292373657227e+00
8.596385955810546875e+00 2.865078926086425781e+01
-6.238377571105957031e+00 -4.285405874252319336e-01
-3.568335294723510742e+00 -1.981227874755859375e+01
6.843513488769531250e+00 3.710259675979614258e+00
7.275626182556152344e+00 7.095780968666076660e-01
-8.909772872924804688e+00 -3.794550704956054688e+01
3.580976724624633789e+00 4.262540817260742188e+01
-2.873593091964721680e+00 1.144580554962158203e+01
9.566922187805175781e+00 4.983558654785156250e+00
1.555363368988037109e+01 -7.231681346893310547e+00
1.324631214141845703e+01 2.938621902465820312e+01
-6.466338038444519043e-01 -1.347004127502441406e+01
1.225329113006591797e+01 2.192800712585449219e+01
-1.179469585418701172e+01 -1.702002716064453125e+01
-6.930122852325439453e+00 -3.577630996704101562e+01
1.819639778137207031e+01 5.154896926879882812e+01
1.112563991546630859e+01 4.823683929443359375e+01
1.252594661712646484e+01 4.013113784790039062e+01
7.457003116607666016e+00 8.220896720886230469e+00
8.552628517150878906e+00 4.991494750976562500e+01
6.767381191253662109e+00 3.373765563964843750e+01
1.141464614868164062e+01 1.247310638427734375e+00
1.409435367584228516e+01 4.357716369628906250e+01
-1.330166149139404297e+01 -5.114589309692382812e+01
-1.870259475708007812e+01 -1.564997863769531250e+01
6.630885601043701172e+00 -9.599816322326660156e+00
-1.250811576843261719e+01 -2.774507522583007812e+01
-1.175463795661926270e+00 -1.925639343261718750e+01
-3.500065088272094727e+00 -4.041944980621337891e+00
-1.608020782470703125e+01 -3.587812423706054688e+01
-1.915001273155212402e+00 1.150343036651611328e+01
3.031380414962768555e+00 1.049928951263427734e+01
1.482754898071289062e+01 3.803459548950195312e+01
-1.843155622482299805e+00 -2.389727210998535156e+01
1.294435310363769531e+01 3.273715209960937500e+01
-1.527929782867431641e+01 -8.474835395812988281e+00
-7.140267848968505859e+00 -3.563820648193359375e+01
7.842778682708740234e+00 4.561431121826171875e+01
-1.111114883422851562e+01 -5.329678344726562500e+01
1.103804779052734375e+01 7.542963027954101562e+00
-1.081227588653564453e+01 -3.573156833648681641e+00
1.362968158721923828e+01 2.572682571411132812e+01
-3.745146036148071289e+00 -2.333492851257324219e+01
-1.833724260330200195e+00 -8.100003242492675781e+00
-2.222455263137817383e+00 -3.493652725219726562e+01
-5.777755737304687500e+00 -3.128557777404785156e+01
-2.177635192871093750e+00 -6.657004356384277344e-02
-1.209553050994873047e+01 -3.098571205139160156e+01
1.057722568511962891e+01 4.222523117065429688e+01
1.520017337799072266e+01 5.386555862426757812e+01
1.481801223754882812e+01 -1.656907200813293457e+00
8.779571533203125000e+00 3.423826599121093750e+01
-1.333325207233428955e-01 -1.154223060607910156e+01
4.060624539852142334e-01 -4.930495262145996094e+00
4.131873130798339844e+00 -1.241100025177001953e+01
-4.212985336780548096e-01 -2.744703483581542969e+01
-1.374599647521972656e+01 -4.169002151489257812e+01
-7.403591275215148926e-01 -4.763422012329101562e+00
9.730661392211914062e+00 3.297286987304687500e+01
-6.216877460479736328e+00 -5.396241378784179688e+01
1.439930248260498047e+01 3.366083145141601562e+01
6.312788963317871094e+00 4.611449432373046875e+01
-7.121781349182128906e+00 -5.523621749877929688e+01
1.158858108520507812e+01 1.034601125866174698e-02
1.012765693664550781e+01 1.807475280761718750e+01
-1.115662479400634766e+01 -3.305079269409179688e+01
-1.827238947153091431e-01 1.157929992675781250e+01
-1.312400531768798828e+01 -2.382671165466308594e+01
-3.086045026779174805e+00 8.147784233093261719e+00
1.627937889099121094e+01 3.002078247070312500e+01
1.116148757934570312e+01 3.858927917480468750e+01
1.427802562713623047e+01 1.506068420410156250e+01
1.114992046356201172e+01 3.113283538818359375e+01
4.436191543936729431e-02 -2.510910749435424805e+00
5.089197158813476562e+00 -1.905045127868652344e+01
-1.360257983207702637e+00 -1.744021797180175781e+01
-1.482624721527099609e+01 -1.571789741516113281e+01
-6.563981771469116211e-01 1.075877475738525391e+01
-6.115561485290527344e+00 -2.870223426818847656e+01
-2.488474845886230469e+00 2.949371337890625000e+00
1.512632274627685547e+01 3.104761695861816406e+01
-1.020686244964599609e+01 -4.587059020996093750e+01
3.928750753402709961e-01 6.210071563720703125e+00
2.823899984359741211e-01 -1.832686614990234375e+01
1.234269618988037109e+01 4.607010269165039062e+01
-1.766361999511718750e+01 -1.132380771636962891e+01
1.656327438354492188e+01 4.958313751220703125e+01
1.600090599060058594e+01 -2.405310869216918945e+00
3.684531450271606445e+00 -1.252543926239013672e+00
-1.424752140045166016e+01 -3.834443283081054688e+01
1.426540660858154297e+01 -2.602261066436767578e+00
1.426854991912841797e+01 3.907854080200195312e+01
4.079333782196044922e+00 7.999557495117187500e+00
1.602828598022460938e+01 5.007940292358398438e+01
-2.832116000354290009e-02 1.702979660034179688e+01
-5.709035396575927734e+00 -5.136285018920898438e+01
7.077873706817626953e+00 4.697954940795898438e+01
-1.296917152404785156e+01 -1.379415798187255859e+01
6.871246337890625000e+00 3.855707550048828125e+01
-7.703248977661132812e+00 -2.038967311382293701e-01
-4.525113582611083984e+00 -4.669419860839843750e+01
-5.332490921020507812e+00 -3.298092269897460938e+01
-1.162764453887939453e+01 -5.576291656494140625e+01
-5.464969158172607422e+00 -2.503967475891113281e+01
8.022027969360351562e+00 4.937144088745117188e+01
8.133361339569091797e-01 -1.199111175537109375e+01
-2.471510171890258789e+00 -1.474755644798278809e+00
2.677113056182861328e+00 5.662424087524414062e+00
-1.539349651336669922e+01 -3.131032943725585938e+01
1.447577190399169922e+01 4.571688461303710938e+01
1.620799422264099121e+00 7.201100826263427734e+00
6.478008747100830078e+00 4.474198532104492188e+01
-9.426084518432617188e+00 -5.633649826049804688e+01
1.406011676788330078e+01 4.859914779663085938e+01
6.205924510955810547e+00 -6.908037185668945312e+00
-7.107490539550781250e+00 -5.824634552001953125e+01
1.883048248291015625e+01 4.759997940063476562e+01
-3.794374704360961914e+00 1.648826599121093750e+01
1.125009536743164062e+01 4.381346130371093750e+01
-4.757339000701904297e+00 -2.714345932006835938e+01
1.866385459899902344e+01 4.629235458374023438e+01
1.208931255340576172e+01 1.709365463256835938e+01
-2.003541946411132812e+01 -1.923077011108398438e+01
7.570207595825195312e+00 6.087127685546875000e+00
1.180559539794921875e+01 -5.417706966400146484e-01
-1.084259128570556641e+01 -2.179825401306152344e+01
1.243057060241699219e+01 1.908840942382812500e+01
-7.163887977600097656e+00 -2.251852416992187500e+01
1.154772758483886719e+01 4.184937667846679688e+01
-9.607400894165039062e+00 -4.946219635009765625e+01
-1.118758678436279297e+01 -1.673636245727539062e+01
1.060755443572998047e+01 3.342311096191406250e+01
1.205469417572021484e+01 1.918875694274902344e+01
1.094522953033447266e+01 1.940871429443359375e+01
-6.709612846374511719e+00 -3.985039520263671875e+01
5.782940983772277832e-01 -1.103886127471923828e+01
-1.837511444091796875e+01 -3.346438598632812500e+01
9.841219902038574219e+00 1.342145949602127075e-01
-1.506361961364746094e+00 -1.448538208007812500e+01
1.550614356994628906e+01 -3.588147401809692383e+00
5.086037158966064453e+00 6.340168952941894531e+00
3.041384816169738770e-01 -6.501968383789062500e+00
3.944634437561035156e+00 1.676457595825195312e+01
1.153620719909667969e+01 4.707025909423828125e+01
3.942062139511108398e+00 4.474189376831054688e+01
5.840659618377685547e+00 4.379173660278320312e+01
-1.968160247802734375e+01 -3.227115631103515625e+01
1.038976955413818359e+01 6.774298191070556641e+00
-9.164388656616210938e+00 -1.493034076690673828e+01
7.002791404724121094e+00 1.531418895721435547e+01
3.920635223388671875e+00 -2.420417308807373047e+00
9.900976181030273438e+00 5.375228118896484375e+01
-7.316941261291503906e+00 -2.972170066833496094e+01
1.171297931671142578e+01 3.567117309570312500e+01
3.778751850128173828e+00 -2.564778327941894531e+01
1.745523834228515625e+01 5.034026336669921875e+01
-3.086935043334960938e+00 1.786259889602661133e+00
-1.186959171295166016e+01 -3.512995910644531250e+01
9.523062705993652344e+00 2.096473693847656250e+01
1.099681377410888672e+01 -2.048012256622314453e+00
8.677362442016601562e+00 2.259234237670898438e+01
-7.791540622711181641e+00 -5.462353134155273438e+01
1.400528192520141602e+00 -2.376862907409667969e+01
-7.712700366973876953e+00 -1.262359857559204102e+00
-1.570981025695800781e+01 -2.697981071472167969e+01
-7.413224220275878906e+00 -5.373306655883789062e+01
-1.914292526245117188e+01 -2.000314140319824219e+01
-1.004503726959228516e+01 -5.690590381622314453e+00
9.024090766906738281e+00 5.043755722045898438e+01
-9.055565834045410156e+00 -3.298380279541015625e+01
1.342988777160644531e+01 6.977169513702392578e+00
-1.124943733215332031e+01 -3.839280319213867188e+01
-8.813787460327148438e+00 -5.538341903686523438e+01
1.334920501708984375e+01 4.067209625244140625e+01
-4.301817417144775391e+00 -3.681391906738281250e+01
-2.812309026718139648e+00 -2.488643836975097656e+01
-7.884226799011230469e+00 -4.124645996093750000e+01
5.676300048828125000e+00 2.978875732421875000e+01
2.675186872482299805e+00 2.576810073852539062e+01
6.594711780548095703e+00 -1.154464817047119141e+01
-1.504599571228027344e+01 -1.639959335327148438e+01
7.337286949157714844e+00 1.627226448059082031e+01
-4.039385318756103516e+00 1.107934474945068359e+01
1.645484447479248047e+00 -1.347384738922119141e+01
-2.322668313980102539e+00 -2.727960395812988281e+01
-6.773324012756347656e+00 -4.510229110717773438e+01
1.418769454956054688e+01 4.947536849975585938e+01
-9.334554672241210938e+00 -1.357039356231689453e+01
1.371610546112060547e+01 2.313251495361328125e+01
-1.141897296905517578e+01 -9.850245475769042969e+00
5.454320907592773438e+00 -2.017090606689453125e+01
-1.277352142333984375e+01 -2.592750930786132812e+01
-3.937924385070800781e+00 -2.959353256225585938e+01
1.113041114807128906e+01 2.773505973815917969e+01
7.767338752746582031e+00 -3.218227148056030273e+00
-9.381771087646484375e+00 -2.639403533935546875e+01
1.630644989013671875e+01 4.367876434326171875e+01
-1.748091936111450195e+00 -1.118317794799804688e+01
1.104007530212402344e+01 5.351591873168945312e+01
5.366250276565551758e-01 -9.133448600769042969e+00
-1.738603210449218750e+01 -6.029988765716552734e+00
3.818468153476715088e-01 -2.936007881164550781e+01
1.000783348083496094e+01 -1.519548988342285156e+01
4.851825237274169922e+00 -1.671068572998046875e+01
-5.830647945404052734e+00 -2.040222549438476562e+01
-2.053971862792968750e+01 -3.277719497680664062e+01
-7.789096355438232422e+00 -5.618270492553710938e+01
-1.333270072937011719e+00 -2.907006645202636719e+01
-6.227183818817138672e+00 -1.967900657653808594e+01
1.152178573608398438e+01 3.220864868164062500e+01
1.496971321105957031e+01 5.053229141235351562e+01
5.835769176483154297e+00 2.095225143432617188e+01
-4.420727252960205078e+00 2.036595158278942108e-02
3.411883115768432617e+00 4.160439968109130859e+00
7.756942749023437500e+00 4.321524810791015625e+01
1.623870468139648438e+01 5.155838394165039062e+01
1.258153533935546875e+01 5.396743774414062500e+01
5.241714119911193848e-01 -1.934406280517578125e+00
1.494578170776367188e+01 1.153700947761535645e+00
6.543643474578857422e+00 9.714898109436035156e+00
6.395888328552246094e+00 3.898118209838867188e+01
-4.614329338073730469e+00 -4.481141662597656250e+01
-3.873929977416992188e+00 -1.721615600585937500e+01
1.544819736480712891e+01 3.241079330444335938e+01
6.406435966491699219e+00 5.253528213500976562e+01
-6.857775211334228516e+00 -1.005438613891601562e+01
-4.303327560424804688e+00 -4.340356826782226562e+01
-6.509386539459228516e+00 -5.047224426269531250e+01
5.391355514526367188e+00 3.460574722290039062e+01
1.601858711242675781e+01 3.685092926025390625e+01
-9.325768470764160156e+00 -1.790549468994140625e+01
1.533814430236816406e+01 3.027666854858398438e+01
-3.435123920440673828e+00 -3.240473556518554688e+01
1.075865745544433594e+01 -7.166224956512451172e+00
-2.313473224639892578e+00 -1.794620513916015625e+01
8.014721870422363281e+00 -4.126690864562988281e+00
-2.162583351135253906e+00 -3.767478179931640625e+01
3.695833683013916016e+00 -1.770171546936035156e+01
1.343420886993408203e+01 5.514200973510742188e+01
1.528140306472778320e+00 2.846990013122558594e+01
-1.282305717468261719e+01 -3.431648635864257812e+01
3.328625679016113281e+00 1.745414543151855469e+01
9.852076530456542969e+00 1.081603336334228516e+01
3.205309391021728516e+00 -1.851108932495117188e+01
-1.109871006011962891e+01 -2.815393638610839844e+01
1.131571054458618164e+00 1.309456920623779297e+01
1.031620597839355469e+01 1.017671012878417969e+01
1.700972747802734375e+01 4.839276885986328125e+01
-1.826821208000183105e+00 -1.144582176208496094e+01
2.751730442047119141e+00 1.136710071563720703e+01
-1.132455110549926758e+00 9.654930114746093750e+00
-9.066986083984375000e+00 -1.440835952758789062e+01
-4.749183177947998047e+00 -3.751796340942382812e+01
-2.207874357700347900e-01 7.052213668823242188e+00
-4.819852828979492188e+00 -2.672870874404907227e+00
-2.666237115859985352e+00 -3.940343856811523438e+01
1.836292839050292969e+01 4.667735671997070312e+01
1.535337638854980469e+01 -4.191610336303710938e+00
-3.094635486602783203e+00 1.483871269226074219e+01
-9.020001411437988281e+00 -2.001075553894042969e+01
7.541440010070800781e+00 1.873243141174316406e+01
6.451632976531982422e+00 3.984593972563743591e-02
-1.864827346801757812e+01 -1.468426895141601562e+01
-6.366581439971923828e+00 -3.234100341796875000e+01
6.645738124847412109e+00 1.257572078704833984e+01
-1.764870071411132812e+01 -9.598366737365722656e+00
-6.145177841186523438e+00 -2.904220390319824219e+01
1.460388755798339844e+01 5.670880889892578125e+01
-9.291625976562500000e+00 -1.943663215637207031e+01
-5.940453529357910156e+00 -3.955327606201171875e+01
-1.033533954620361328e+01 -3.805407714843750000e+01
-1.732784628868103027e+00 -3.040821456909179688e+01
-3.639129638671875000e+00 -2.746454811096191406e+01
8.225234031677246094e+00 3.124006462097167969e+01
-7.802885532379150391e+00 -4.375244617462158203e+00
4.715472161769866943e-01 -2.372349053621292114e-01
-1.181673240661621094e+01 -4.287161254882812500e+01
2.492291450500488281e+00 -1.173348307609558105e+00
-1.663202643394470215e-01 2.155801582336425781e+01
-6.408795833587646484e+00 -4.282594680786132812e+01
-3.144279241561889648e+00 -1.269823455810546875e+01
-1.914976358413696289e+00 -8.963758468627929688e+00
-8.899848937988281250e+00 -3.090399551391601562e+01
-8.567769050598144531e+00 -1.788987922668457031e+01
-1.721959495544433594e+01 -3.315667343139648438e+01
7.563114643096923828e+00 2.685273361206054688e+01
-1.659778213500976562e+01 -2.700417137145996094e+01
-8.776174545288085938e+00 -4.290233230590820312e+01
-1.213835906982421875e+01 -4.649182128906250000e+01
-4.831295013427734375e+00 -1.617779541015625000e+01
-7.473604679107666016e+00 -4.573481559753417969e+00
4.214979648590087891e+00 5.817038536071777344e+00
-1.049039649963378906e+01 -8.166951179504394531e+00
-5.579215049743652344e+00 -4.988936996459960938e+01
8.606495857238769531e+00 5.219111633300781250e+01
-9.795004844665527344e+00 3.257557392120361328e+00
5.664772987365722656e+00 5.178549194335937500e+01
4.935064792633056641e+00 2.794563865661621094e+01
-6.598768234252929688e+00 -3.420044326782226562e+01
3.769167184829711914e+00 1.287210655212402344e+01
-4.752198696136474609e+00 -3.102076530456542969e+01
1.354355907440185547e+01 3.944311523437500000e+01
1.386197280883789062e+01 4.728118133544921875e+01
-4.606849670410156250e+00 -8.913064002990722656e+00
6.745189189910888672e+00 -1.253651046752929688e+01
-1.579752063751220703e+01 -2.425201225280761719e+01
1.609478759765625000e+01 4.687224197387695312e+01
1.131708049774169922e+01 2.171084022521972656e+01
-6.257407188415527344e+00 4.925673961639404297e+00
9.325179100036621094e+00 1.356187057495117188e+01
1.470508861541748047e+01 4.529090118408203125e+01
1.496654510498046875e+01 3.961710357666015625e+01
1.463392353057861328e+01 3.303997802734375000e+01
1.493342113494873047e+01 5.425170516967773438e+01
2.911015510559082031e+00 1.450354385375976562e+01
-1.267132186889648438e+01 -4.015378189086914062e+01
7.510396480560302734e+00 -1.601702308654785156e+01
2.403835535049438477e+00 -1.603177642822265625e+01
-1.126612567901611328e+01 -9.235231876373291016e-01
8.148136138916015625e+00 2.209853649139404297e+00
9.977374076843261719e+00 -1.513398551940917969e+01
7.830120563507080078e+00 2.165487289428710938e+00
-1.364945316314697266e+01 -2.655791664123535156e+01
-8.172001838684082031e+00 1.672327399253845215e+00
-1.142548942565917969e+01 -9.534043312072753906e+00
8.389067649841308594e+00 9.288314819335937500e+00
6.845270156860351562e+00 5.299938583374023438e+01
-1.139433503150939941e+00 -2.165143203735351562e+01
5.836495876312255859e+00 -1.438335227966308594e+01
-4.272455573081970215e-01 -1.498320388793945312e+01
1.831933593750000000e+01 5.054808807373046875e+01
1.315032768249511719e+01 2.966802024841308594e+01
3.423200607299804688e+00 -5.138099670410156250e+00
-7.711222171783447266e+00 -3.162909889221191406e+01
1.611660003662109375e+00 -2.930315017700195312e+01
-6.021479606628417969e+00 5.642155647277832031e+00
-1.568389797210693359e+01 -1.236701202392578125e+01
8.191384315490722656e+00 -1.937992095947265625e+01
-9.838768005371093750e+00 -2.715184593200683594e+01
2.514343023300170898e+00 -4.856745243072509766e+00
1.047387695312500000e+01 3.605798721313476562e+01
1.078220367431640625e+01 4.783601760864257812e+01
8.065364837646484375e+00 2.691799545288085938e+01
9.789378166198730469e+00 2.902253150939941406e+01
-1.031367874145507812e+01 -5.442263793945312500e+01
-1.478149032592773438e+01 -7.206182956695556641e+00
2.398766994476318359e+00 -5.701453208923339844e+00
-1.048702239990234375e+00 -6.689395904541015625e+00
-9.270570755004882812e+00 -1.683473777770996094e+01
-8.970846176147460938e+00 -4.841880798339843750e+01
7.974123477935791016e+00 3.983566284179687500e+00
-1.003388500213623047e+01 -9.651605606079101562e+00
2.862161874771118164e+00 3.211928558349609375e+01
2.720775306224822998e-01 1.398115634918212891e+01
6.231454849243164062e+00 2.880958557128906250e+01
-4.383861064910888672e+00 -8.671892166137695312e+00
-6.252363681793212891e+00 -1.241320037841796875e+01
8.880293965339660645e-01 -1.664832305908203125e+01
-9.964219093322753906e+00 -1.671403694152832031e+01
1.189441204071044922e+01 2.495596694946289062e+01
-1.220190334320068359e+01 -5.376529312133789062e+01
2.653801441192626953e+00 -1.492901229858398438e+01
1.224731349945068359e+01 3.107299804687500000e+01
7.656468391418457031e+00 3.878157424926757812e+01
1.568300366401672363e+00 1.174124431610107422e+01
-7.731468200683593750e+00 -5.796107864379882812e+01
-2.458364009857177734e+00 -2.679016304016113281e+01
1.072970676422119141e+01 2.080638885498046875e+00
-4.456991672515869141e+00 -1.306572628021240234e+01
9.382116317749023438e+00 1.958471107482910156e+01
-1.211952972412109375e+01 -6.296587944030761719e+00
-1.465211009979248047e+01 -3.356264495849609375e+01
3.211612701416015625e+00 1.985560989379882812e+01
1.986173439025878906e+01 4.876142501831054688e+01
-1.143285179138183594e+01 -2.672500038146972656e+01
9.256489753723144531e+00 1.762760734558105469e+01
1.638695144653320312e+01 -4.717152595520019531e+00
-3.519632101058959961e+00 -1.234707355499267578e+01
-3.290773630142211914e-01 9.024690628051757812e+00
8.327537536621093750e+00 5.556868362426757812e+01
-3.685487270355224609e+00 1.958645820617675781e+00
1.060971164703369141e+01 5.341029739379882812e+01
-8.355739593505859375e+00 -2.380465888977050781e+01
8.655914306640625000e+00 -1.032970547676086426e+00
1.013508224487304688e+01 -6.272750854492187500e+00
-4.895850121974945068e-01 1.774087905883789062e+01
1.121029758453369141e+01 4.315277481079101562e+01
-1.768957138061523438e+01 -3.449667358398437500e+01
9.644487380981445312e+00 -5.537519931793212891e+00
1.117081928253173828e+01 4.437681579589843750e+01
1.324822521209716797e+01 5.456958770751953125e+01
-2.374030590057373047e+00 4.946506500244140625e+00
3.997491121292114258e+00 3.693362045288085938e+01
-1.310159397125244141e+01 -3.741937255859375000e+01
-1.548656845092773438e+01 -1.313384175300598145e+00
6.233088016510009766e+00 -1.727773308753967285e+00
-1.136268806457519531e+01 -2.465442657470703125e+01
6.014387130737304688e+00 5.533481121063232422e+00
2.009078025817871094e+00 2.872970390319824219e+01
4.955914020538330078e+00 2.002086830139160156e+01
4.709586143493652344e+00 4.617171859741210938e+01
1.547878384590148926e+00 4.517279434204101562e+01
-1.280894660949707031e+01 -3.845349884033203125e+01
6.167236328125000000e+00 4.557368469238281250e+01
3.189423322677612305e+00 3.712838888168334961e-01
1.310814476013183594e+01 4.639778518676757812e+01
-1.272861766815185547e+01 -4.296841430664062500e+01
1.440567779541015625e+01 1.965937995910644531e+01
1.507479476928710938e+01 5.781044769287109375e+01
-8.270591735839843750e+00 -5.044917678833007812e+01
-9.912629127502441406e+00 -5.707804107666015625e+01
-4.986088752746582031e+00 -2.228492355346679688e+01
9.738193511962890625e+00 5.544119644165039062e+01
-6.927827000617980957e-02 1.486339092254638672e+01
1.427793979644775391e+01 2.683772277832031250e+01
-8.260540962219238281e+00 -5.691454315185546875e+01
-9.324241638183593750e+00 -2.094620895385742188e+01
9.571880340576171875e+00 4.410211563110351562e+01
9.743741989135742188e+00 4.749840164184570312e+01
-1.196767425537109375e+01 -5.442137527465820312e+01
-1.293716621398925781e+01 -1.349052333831787109e+01
-1.108421611785888672e+01 -1.777612876892089844e+01
-1.461511039733886719e+01 -3.748439025878906250e+01
-1.026476573944091797e+01 -4.683283996582031250e+01
4.520247936248779297e+00 8.167552947998046875e+00
-1.213908386230468750e+01 -5.093653106689453125e+01
-7.127817630767822266e+00 -4.733329772949218750e+01
-9.160117149353027344e+00 1.010857596993446350e-01
6.409662246704101562e+00 7.337785720825195312e+00
1.593982124328613281e+01 -6.954684257507324219e+00
-1.305257129669189453e+01 -1.143623828887939453e+01
-1.670827674865722656e+01 -2.640208625793457031e+01
8.416107177734375000e+00 -3.418106138706207275e-01
1.342965602874755859e+01 5.632950305938720703e+00
1.263510608673095703e+01 5.356036663055419922e+00
1.082989597320556641e+01 4.928039169311523438e+01
1.455044174194335938e+01 2.246700286865234375e+01
8.718859672546386719e+00 4.115613555908203125e+01
-9.143927097320556641e-01 3.907766103744506836e+00
1.004438209533691406e+01 3.783031082153320312e+01
-2.205287218093872070e+00 9.747955322265625000e+00
8.712738752365112305e-02 -1.382888507843017578e+01
1.275975894927978516e+01 4.947690582275390625e+01
-3.073780059814453125e+00 -3.774089813232421875e+01
-8.095229148864746094e+00 -2.884105300903320312e+01
-1.622435760498046875e+01 -2.556368637084960938e+01
-1.159035301208496094e+01 -5.266233444213867188e+01
-1.527466011047363281e+01 -2.777963447570800781e+01
1.098372459411621094e+01 -6.646384716033935547e+00
-8.170984268188476562e+00 -5.476933670043945312e+01
-1.587733173370361328e+01 -1.160484123229980469e+01
-5.853582382202148438e+00 -2.994691371917724609e+00
-7.582936286926269531e+00 -1.448000049591064453e+01
-6.952742576599121094e+00 -2.453399085998535156e+01
8.974807858467102051e-01 -1.265387415885925293e+00
-8.930283546447753906e+00 -5.274404907226562500e+01
-1.069245243072509766e+01 -1.273092746734619141e+01
1.362031936645507812e+01 2.097657775878906250e+01
-1.341850662231445312e+01 -2.001264572143554688e+01
4.210705280303955078e+00 1.956044006347656250e+01
-4.826370716094970703e+00 -5.075881576538085938e+01
1.312507915496826172e+01 4.964960098266601562e+01
-7.783424377441406250e+00 -5.076639938354492188e+01
2.670178413391113281e+00 8.387059211730957031e+00
-3.283180475234985352e+00 -1.528243064880371094e+01
-1.618418502807617188e+01 -3.523319625854492188e+01
-1.320755863189697266e+01 -3.908775711059570312e+01
1.601340866088867188e+01 5.326426315307617188e+01
1.343174552917480469e+01 1.125102996826171875e+01
1.216806221008300781e+01 2.414832305908203125e+01
-4.716164588928222656e+00 -3.237315750122070312e+01
-2.964077711105346680e+00 -3.199766731262207031e+01
3.358121156692504883e+00 3.293190765380859375e+01
4.767365455627441406e+00 2.153240013122558594e+01
-6.401867389678955078e+00 -5.265330505371093750e+01
8.115083694458007812e+00 4.147466659545898438e+01
1.507555198669433594e+01 2.937848663330078125e+01
-8.424639701843261719e+00 -8.522191047668457031e+00
4.483488559722900391e+00 -1.242274951934814453e+01
-1.540055942535400391e+01 -3.159238052368164062e+01
-3.816831588745117188e+00 1.568892860412597656e+01
-1.390695762634277344e+01 -1.322195148468017578e+01
4.591980457305908203e+00 3.947761917114257812e+01
6.144320964813232422e-01 1.937135219573974609e+00
-1.962935447692871094e+01 -1.563025856018066406e+01
-2.827213287353515625e+00 -2.219324874877929688e+01
-1.215679168701171875e+01 -1.543329429626464844e+01
8.395371437072753906e+00 5.052520751953125000e+01
-4.037984907627105713e-01 4.555425167083740234e+00
-1.315845394134521484e+01 -2.498368072509765625e+01
1.524473190307617188e+01 2.549571037292480469e+01
-7.476473808288574219e+00 -4.438492202758789062e+01
1.090674495697021484e+01 3.658260345458984375e+01
1.075606822967529297e+01 8.663594245910644531e+00
1.251898574829101562e+01 5.131513595581054688e+01
-1.489695453643798828e+01 -1.337657928466796875e+01
-8.600696563720703125e+00 8.561581969261169434e-01
1.698508858680725098e+00 2.818253707885742188e+01
1.528536510467529297e+01 4.012794494628906250e+01
1.215187168121337891e+01 4.781247329711914062e+01
-1.182973957061767578e+01 -3.882873916625976562e+01
2.667700767517089844e+00 3.155389022827148438e+01
-1.242942810058593750e+01 -3.636230707168579102e+00
-1.255379199981689453e+01 -1.284053325653076172e+01
-1.267950153350830078e+01 -4.851008224487304688e+01
7.520709514617919922e+00 5.188529205322265625e+01
8.446267127990722656e+00 3.687917709350585938e+01
-1.350221633911132812e+01 -4.112218093872070312e+01
-1.108550071716308594e+00 -3.852995872497558594e+00
-9.544527053833007812e+00 -4.791637039184570312e+01
-4.711930274963378906e+00 -3.885834121704101562e+01
1.054693222045898438e+01 4.897052001953125000e+01
7.294994354248046875e+00 2.321597099304199219e+01
4.690627098083496094e+00 -9.791312217712402344e+00
-8.180214881896972656e+00 -3.349822616577148438e+01
-1.381808638572692871e+00 1.264129257202148438e+01
2.077848434448242188e+00 -9.232857704162597656e+00
7.598217964172363281e+00 4.763051986694335938e+01
-1.072221469879150391e+01 -4.746511840820312500e+01
-4.877972126007080078e+00 2.036282539367675781e+00
3.282603502273559570e+00 -3.702885437011718750e+01
-1.918926835060119629e+00 1.302555847167968750e+01
1.511606884002685547e+01 3.433567047119140625e+01
-7.020179271697998047e+00 -2.720290374755859375e+01
-5.494396209716796875e+00 -3.482854080200195312e+01
-5.755751609802246094e+00 -4.498374938964843750e+01
-7.418077588081359863e-01 -1.874677085876464844e+01
7.148902416229248047e+00 -6.361048698425292969e+00
1.136879920959472656e+01 7.648636341094970703e+00
7.872077465057373047e+00 -8.067429065704345703e-01
6.516962528228759766e+00 6.795064449310302734e+00
-1.429993438720703125e+01 -1.495433807373046875e+01
4.593643188476562500e+00 1.713374328613281250e+01
7.705342769622802734e+00 -4.407579898834228516e+00
-3.783005237579345703e+00 -1.566458129882812500e+01
6.705314636230468750e+00 4.425798892974853516e+00
-5.888854026794433594e+00 -1.052429199218750000e+01
6.727261543273925781e+00 2.142918968200683594e+01
-1.346107482910156250e+01 -2.972930335998535156e+01
-1.553811359405517578e+01 -2.209099960327148438e+01
8.100328445434570312e+00 -1.912989425659179688e+01
-1.801034927368164062e+01 -2.525547409057617188e+01
-8.134885430335998535e-01 1.751272082328796387e+00
3.288638591766357422e+00 -9.367504119873046875e+00
1.024372768402099609e+01 4.494644927978515625e+01
-4.579314231872558594e+00 -2.936364746093750000e+01
-1.148872661590576172e+01 -4.852225494384765625e+01
-2.758077859878540039e+00 -2.303377151489257812e+01
-6.369323253631591797e+00 -4.826436614990234375e+01
-9.710846900939941406e+00 -1.555164909362792969e+01
2.770329713821411133e+00 3.682569503784179688e+01
-7.103001117706298828e+00 -1.898899078369140625e+01
-5.563262462615966797e+00 -5.225904846191406250e+01
-5.494705200195312500e+00 -2.484148597717285156e+01
3.793876171112060547e+00 3.084964179992675781e+01
7.230205059051513672e+00 -1.576654338836669922e+01
-1.587533378601074219e+01 -3.744055938720703125e+01
-2.812287807464599609e+00 -5.057642459869384766e+00
-7.125002384185791016e+00 -6.574744224548339844e+00
-9.193589210510253906e+00 -2.347771644592285156e+01
-1.788019180297851562e+01 -1.125697898864746094e+01
4.949809551239013672e+00 -4.812557697296142578e+00
1.282485580444335938e+01 2.836083030700683594e+01
7.948543071746826172e+00 5.484339141845703125e+01
-1.379618644714355469e+01 -4.345414352416992188e+01
1.235739994049072266e+01 -4.469316959381103516e+00
-1.150848293304443359e+01 -3.027983093261718750e+01
7.131657123565673828e+00 1.051096916198730469e+01
1.150649929046630859e+01 2.255000877380371094e+01
-1.878828239440917969e+01 -2.616558456420898438e+01
-6.160688400268554688e+00 -4.402128982543945312e+01
-1.698073983192443848e+00 1.759728240966796875e+01
-1.651216000318527222e-01 2.135559844970703125e+01
1.100752735137939453e+01 2.515033721923828125e+01
1.050944042205810547e+01 4.083560180664062500e+01
3.471688032150268555e+00 9.908818244934082031e+00
9.944662094116210938e+00 2.420930385589599609e+00
7.152951240539550781e+00 5.276257514953613281e+00
-9.516263008117675781e+00 -4.644567871093750000e+01
1.603068470954895020e+00 1.631383895874023438e+01
-8.591225743293762207e-01 8.728924751281738281e+00
-7.662875175476074219e+00 -5.153205490112304688e+01
1.008974838256835938e+01 5.208487319946289062e+01
-1.226363086700439453e+01 -5.044019317626953125e+01
8.200986862182617188e+00 3.822150039672851562e+01
-7.920341968536376953e+00 -1.250582313537597656e+01
7.294703960418701172e+00 5.122755813598632812e+01
1.162341880798339844e+01 3.531504154205322266e+00
1.394642639160156250e+01 5.193455505371093750e+01
1.027523708343505859e+01 5.059784698486328125e+01
5.792106151580810547e+00 -1.575209617614746094e+01
-7.371596813201904297e+00 -2.640361976623535156e+01
1.791313171386718750e+01 3.359029388427734375e+01
6.420668125152587891e+00 3.543907928466796875e+01
-8.455214500427246094e+00 -3.846274948120117188e+01
9.689045906066894531e+00 4.130671310424804688e+01
-9.742258071899414062e+00 -4.160079193115234375e+01
-1.773411750793457031e+01 -3.436655044555664062e+01
8.971410751342773438e+00 4.723084640502929688e+01
-1.015100383758544922e+01 -3.927017593383789062e+01
-1.010521697998046875e+01 -5.038813018798828125e+01
1.822939109802246094e+01 3.407821273803710938e+01
7.449892997741699219e+00 3.419308471679687500e+01
-9.053937911987304688e+00 -3.772755861282348633e+00
-6.529381275177001953e+00 -1.923171234130859375e+01
-5.141857624053955078e+00 -4.086767196655273438e+01
-1.715559959411621094e+01 -1.993160057067871094e+01
3.885421514511108398e+00 5.416779518127441406e-01
-1.128772544860839844e+01 -2.229767036437988281e+01
1.233668518066406250e+01 4.347914123535156250e+01
4.467694282531738281e+00 1.237326812744140625e+01
5.339165210723876953e+00 1.715434074401855469e+01
3.531934499740600586e+00 1.576419067382812500e+01
1.537050628662109375e+01 4.833193206787109375e+01
-1.907703781127929688e+01 -1.158749675750732422e+01
1.364727783203125000e+01 3.657743453979492188e+01
-5.139204025268554688e+00 -4.177759647369384766e+00
3.244300127029418945e+00 -3.705144119262695312e+01
9.117774963378906250e+00 3.849762344360351562e+01
-8.541798591613769531e+00 -2.971763420104980469e+01
-7.016267299652099609e+00 -2.756671333312988281e+01
-8.008704185485839844e+00 5.298748493194580078e+00
5.766726970672607422e+00 4.693136215209960938e+01
-1.237464427947998047e+01 -2.983148193359375000e+01
-5.269700527191162109e+00 -1.131308364868164062e+01
1.039112091064453125e+01 2.944923019409179688e+01
-2.050413322448730469e+01 -1.767179489135742188e+01
-1.176756954193115234e+01 -2.609578514099121094e+01
-9.009508132934570312e+00 -3.594848251342773438e+01
7.837014675140380859e+00 2.928341865539550781e+01
-1.300987362861633301e+00 -1.769689178466796875e+01
-6.154451847076416016e+00 3.196698904037475586e+00
-6.957569599151611328e+00 -3.729350662231445312e+01
-3.811278581619262695e+00 -4.053034591674804688e+01
8.996846199035644531e+00 1.296856498718261719e+01
-8.852386474609375000e+00 -3.639849853515625000e+01
1.024753570556640625e+01 5.185660934448242188e+01
1.317580699920654297e+01 4.507862091064453125e+01
7.762183189392089844e+00 3.998368835449218750e+01
-9.290219306945800781e+00 -3.491994476318359375e+01
-1.143856334686279297e+01 -4.394811630249023438e+01
6.532677173614501953e+00 1.325870633125305176e+00
6.326297283172607422e+00 2.432375717163085938e+01
-1.207345867156982422e+01 -2.939509391784667969e+01
1.051037979125976562e+01 2.618024063110351562e+01
5.572373390197753906e+00 -1.365339756011962891e+01
1.120011901855468750e+01 4.583506774902343750e+01
1.796282768249511719e+00 1.664382553100585938e+01
7.143217086791992188e+00 -1.254130482673645020e+00
-1.988837432861328125e+01 -2.831531715393066406e+01
-6.986956119537353516e+00 -2.198969268798828125e+01
-1.091390705108642578e+01 -5.038119125366210938e+01
1.317689990997314453e+01 3.218807601928710938e+01
-1.198337841033935547e+01 -4.951926803588867188e+01
1.341692924499511719e+01 1.480991935729980469e+01
1.517496395111083984e+01 -6.372611522674560547e+00
-1.791966438293457031e+01 -1.639143943786621094e+01
-9.043077468872070312e+00 -2.341043090820312500e+01
1.500203800201416016e+01 5.179320907592773438e+01
5.441989421844482422e+00 4.142436981201171875e+01
-4.175301074981689453e+00 2.978623628616333008e+00
9.583386421203613281e+00 2.546777534484863281e+01
6.075778007507324219e-01 2.037201118469238281e+01
-1.403816032409667969e+01 -9.386924743652343750e+00
-1.198160266876220703e+01 -3.460901641845703125e+01
1.595982742309570312e+01 2.995726776123046875e+01
3.745530843734741211e+00 -1.483078861236572266e+01
8.397044181823730469e+00 1.091460132598876953e+01
9.992375373840332031e+00 9.873723983764648438e+00
6.512482762336730957e-01 1.019407844543457031e+01
1.555634117126464844e+01 4.904439926147460938e+01
1.208933448791503906e+01 -4.119140625000000000e+00
7.702739238739013672e+00 1.201310443878173828e+01
-6.986509799957275391e+00 -1.077461242675781250e+01
1.028919696807861328e+00 -7.749412536621093750e+00
-1.816433334350585938e+01 -2.934520912170410156e+01
-1.283243846893310547e+01 -2.218986320495605469e+01
5.237580537796020508e-01 -2.260242271423339844e+01
-1.050657176971435547e+01 -5.312964248657226562e+01
6.441672325134277344e+00 1.519939041137695312e+01
1.076675605773925781e+01 5.546318817138671875e+01
1.394798660278320312e+01 3.660666656494140625e+01
-1.046207332611083984e+01 -2.577953338623046875e+01
1.030407905578613281e+01 2.047185707092285156e+01
-1.032498264312744141e+01 -4.916432952880859375e+01
-9.662200927734375000e+00 -2.827703857421875000e+01
-5.987880229949951172e+00 -2.332271575927734375e+01
-5.595672607421875000e+00 3.670595884323120117e+00
-6.406906127929687500e+00 -4.076938629150390625e+01
8.257658004760742188e+00 3.524608612060546875e+01
-1.215431594848632812e+01 -4.267261886596679688e+01
-3.437165498733520508e+00 5.807311058044433594e+00
-1.263100719451904297e+01 -2.195377349853515625e+01
5.877115726470947266e-01 1.472429275512695312e+01
1.029967498779296875e+01 -2.371112823486328125e+00
7.944605350494384766e-01 2.592343139648437500e+01
-3.529895067214965820e+00 -4.994893264770507812e+01
5.198548316955566406e+00 4.698526000976562500e+01
3.052249908447265625e+00 6.893117427825927734e+00
7.566462516784667969e+00 3.673803710937500000e+01
7.119777202606201172e+00 3.098200416564941406e+01
7.123763561248779297e+00 3.014310836791992188e+01
1.038689613342285156e+01 1.851653480529785156e+01
-4.473388195037841797e+00 -3.822901916503906250e+01
-2.930569171905517578e+00 -2.932656097412109375e+01
-1.238186264038085938e+01 -2.691965866088867188e+01
-4.666660785675048828e+00 -4.894845962524414062e+01
1.501248741149902344e+01 -5.687066078186035156e+00
1.249449634552001953e+01 3.742237854003906250e+01
1.580825805664062500e+01 4.524724578857421875e+01
1.808697938919067383e+00 -3.294010162353515625e+00
-1.435144329071044922e+01 -4.199954986572265625e+01
1.394335460662841797e+01 3.785701370239257812e+01
1.356293201446533203e+01 1.650433731079101562e+01
2.908069610595703125e+00 3.683328247070312500e+01
1.606694221496582031e+01 4.196279907226562500e+01
-7.399299621582031250e+00 3.522136449813842773e+00
1.702038764953613281e+00 1.473402023315429688e+01
-7.354790568351745605e-01 -1.292959403991699219e+01
3.030047178268432617e+00 3.254949808120727539e+00
-2.412688493728637695e+00 -1.816714048385620117e+00
1.055979537963867188e+01 3.954479217529296875e+01
-6.849406719207763672e+00 -3.028779029846191406e+01
2.545723438262939453e+00 -1.066380405426025391e+01
4.858066082000732422e+00 -1.546396923065185547e+01
1.002279376983642578e+01 1.701730537414550781e+01
1.132368469238281250e+01 5.567547607421875000e+01
-2.232572078704833984e+00 4.428356289863586426e-01
1.217071342468261719e+01 1.236108589172363281e+01
1.379587936401367188e+01 4.230928802490234375e+01
-8.262874603271484375e+00 -5.342555618286132812e+01
1.309946179389953613e+00 -5.776633739471435547e+00
-1.003346538543701172e+01 -5.455452346801757812e+01
1.681242752075195312e+01 3.179934883117675781e+01
-1.030711841583251953e+01 -2.074659538269042969e+01
1.048840999603271484e+01 2.102120399475097656e+01
-1.136799621582031250e+01 -5.176402664184570312e+01
1.200643658638000488e+00 -2.280801200866699219e+01
8.943606376647949219e+00 4.663504791259765625e+01
1.458751392364501953e+01 2.761778068542480469e+01
2.014644861221313477e+00 -1.947892761230468750e+01
9.527316093444824219e+00 -4.149312496185302734e+00
-2.752788305282592773e+00 -1.688867187500000000e+01
-6.827969551086425781e+00 -4.870943832397460938e+01
-2.448461771011352539e+00 6.731204509735107422e+00
-6.554261684417724609e+00 -1.250716876983642578e+01
-5.777493000030517578e+00 -4.841482162475585938e+00
-1.441884040832519531e+01 -3.915801239013671875e+01
1.385051250457763672e+00 2.993930816650390625e+01
-7.974843025207519531e+00 -3.522782897949218750e+01
3.919000864028930664e+00 -1.012234783172607422e+01
1.438555359840393066e+00 -7.958827972412109375e+00
-9.384725570678710938e+00 -1.143909645080566406e+01
4.057012081146240234e+00 1.885226821899414062e+01
-9.374286532402038574e-01 -2.968201446533203125e+01
-5.569135665893554688e+00 -1.489076614379882812e+01
1.006794261932373047e+01 4.250027847290039062e+01
1.270048999786376953e+01 2.160825538635253906e+01
-6.957325458526611328e+00 -1.442201805114746094e+01
-6.891005516052246094e+00 8.135625839233398438e+00
1.368762683868408203e+01 2.563510322570800781e+01
-1.486677837371826172e+01 -8.201913833618164062e+00
1.447770309448242188e+01 1.570756196975708008e+00
9.187510490417480469e+00 1.152694702148437500e+01
5.121548652648925781e+00 1.225003814697265625e+01
1.114444732666015625e+00 -1.040727734565734863e+00
-3.272922515869140625e+00 -1.052969264984130859e+01
-5.118275165557861328e+00 4.675184249877929688e+00
-4.758101940155029297e+00 1.506452465057373047e+01
4.197513163089752197e-01 2.709181070327758789e+00
5.067655563354492188e+00 -8.404347419738769531e+00
7.155988216400146484e+00 4.867571640014648438e+01
-1.193751049041748047e+01 -6.745099544525146484e+00
1.426738262176513672e+01 2.193249893188476562e+01
5.983034610748291016e+00 3.586937713623046875e+01
