1.098917541503906250e+02 5.602061843872070312e+01
1.772673492431640625e+02 3.337397384643554688e+01
1.143746643066406250e+02 -1.160966339111328125e+02
-4.545847702026367188e+01 -1.748210449218750000e+02
5.618824386596679688e+01 -7.505300140380859375e+01
-1.220721282958984375e+02 -1.448471221923828125e+02
2.429593467712402344e+01 1.794023895263671875e+02
-1.330882415771484375e+02 1.742008361816406250e+02
3.176293945312500000e+01 -1.396883487701416016e+01
-2.101024932861328125e+02 -2.591025161743164062e+01
9.672118377685546875e+01 -1.249932956695556641e+01
-1.697746429443359375e+02 -8.809214782714843750e+01
-1.468493499755859375e+02 9.803331756591796875e+01
-4.566435623168945312e+01 1.889250793457031250e+02
-1.773857879638671875e+01 -4.929877853393554688e+01
-7.168926239013671875e+01 -9.089810943603515625e+01
1.564411163330078125e+02 -4.974776077270507812e+01
-3.833603620529174805e+00 -1.128654327392578125e+02
-7.185517120361328125e+01 5.956499862670898438e+01
-1.192526855468750000e+02 -4.160214233398437500e+01
4.657995605468750000e+01 1.130431213378906250e+02
-1.923433685302734375e+02 4.500708389282226562e+01
4.706833267211914062e+01 -1.639032592773437500e+02
-1.245576400756835938e+02 2.370404243469238281e+01
4.541914367675781250e+01 4.853102874755859375e+01
-7.730873107910156250e+01 1.239485168457031250e+02
9.820789337158203125e+01 1.953233795166015625e+02
-6.284463500976562500e+01 -8.683442115783691406e+00
1.204963531494140625e+02 1.226613922119140625e+02
-1.419954013824462891e+01 3.196347808837890625e+01
-1.555966758728027344e+01 1.008733520507812500e+02
