2.242106246948242188e+01 5.856475067138671875e+01
6.008559036254882812e+01 -2.903634262084960938e+01
3.431520462036132812e+01 -1.302740478515625000e+02
1.016620559692382812e+02 1.240448455810546875e+02
1.423465728759765625e+02 -8.836587524414062500e+01
-1.208736419677734375e+01 1.556727142333984375e+02
1.480418395996093750e+02 2.735197639465332031e+01
-3.490759658813476562e+01 -2.082141304016113281e+01
-8.841491699218750000e+01 7.817227172851562500e+01
-1.379390106201171875e+02 -1.868854141235351562e+01
-7.205787658691406250e+01 -1.166652603149414062e+02
