0	-13.476244	13.266545	7.6738796	8.947533	-13.1462965	-12.556172	-11.922376	9.856638	-12.27678	-12.524907
1	-11.522043	13.836909	6.5651045	5.5982018	-10.922878	-9.359484	-9.846181	9.520807	-11.132282	-13.174102
2	-11.546613	14.463073	6.858069	6.8192573	-11.4079685	-10.318209	-9.794784	9.83064	-11.410414	-13.365379
3	-11.661011	14.270948	7.055004	7.385484	-11.953173	-10.200827	-10.886107	9.130002	-11.4774	-13.470557
4	-12.877352	15.396653	7.705974	8.6647005	-12.373992	-11.837094	-10.613767	9.555509	-12.338664	-14.101741
5	-11.896435	14.455481	6.3591666	7.5397296	-11.764572	-11.243186	-10.381786	9.208766	-12.010953	-13.239901
6	-13.973255	18.136522	8.321747	10.098285	-15.322939	-13.389159	-13.780191	10.237841	-14.654979	-14.309801
7	-37.481834	35.124588	13.035919	24.595005	-28.834896	-39.11481	-28.765951	25.200129	-29.758099	-43.5262
8	-11.457207	15.994798	7.7328296	8.434196	-12.7149725	-11.422221	-11.538262	10.050596	-13.122925	-12.798241
9	-12.603941	14.1087885	7.2338176	7.5072308	-12.695875	-9.981067	-11.060789	9.476148	-12.866007	-12.803132
10	-11.9206085	14.800979	6.579311	7.6319323	-11.656699	-10.320302	-10.589124	9.820995	-11.748051	-14.465925
11	-12.100553	12.744987	6.3143373	7.340923	-9.369775	-8.252076	-8.823642	8.962615	-10.659651	-11.771659
12	-11.809496	14.453259	7.127234	7.250386	-11.466586	-10.342606	-10.292705	9.092122	-11.494805	-13.522707
13	-13.312115	16.689827	8.03191	9.427849	-12.667103	-12.210193	-12.30655	9.714115	-12.797075	-14.111233
14	-14.46727	17.315142	8.788767	11.204681	-15.718973	-14.347731	-14.636047	12.404139	-13.777019	-13.362707
15	-11.553171	14.457994	6.9944587	8.7954855	-10.235864	-9.891701	-10.153656	9.885526	-10.893019	-12.781944
16	-8.847513	9.323688	5.233277	5.8452344	-8.037901	-5.227587	-7.2533197	7.703367	-9.850769	-10.858982
17	-12.961022	15.979736	8.6795435	7.5470657	-12.97325	-11.770084	-12.563926	10.196053	-13.542477	-13.080839
18	-14.203319	17.28963	8.687945	9.4622555	-13.725269	-13.473189	-13.211327	9.882123	-14.089488	-15.138395
19	-9.910848	12.99093	5.5592065	5.513469	-10.3366165	-7.5005226	-8.764442	8.283135	-10.286983	-11.183956
20	-11.909817	14.228305	6.8806357	7.582544	-11.311228	-9.84105	-10.359825	9.376868	-11.547217	-12.464919
21	-10.947737	13.750513	6.236366	6.698714	-10.985922	-8.828669	-9.806988	8.689483	-10.932979	-12.437745
22	-12.760294	14.056985	7.6698647	7.3384295	-11.645872	-10.695348	-10.969642	9.788895	-12.020656	-13.754556
23	-10.759103	13.250253	6.4621716	6.9592705	-10.424501	-8.496105	-9.061698	8.658552	-10.838261	-10.64123
24	-12.948181	14.813637	7.714331	8.067065	-11.674685	-11.191184	-10.693721	9.342851	-12.103874	-13.899559
25	-11.526243	14.208333	6.569325	7.613632	-11.346223	-10.159997	-10.351812	8.965453	-11.745008	-14.220605
26	-12.106168	15.167597	6.331703	8.742262	-11.767386	-9.698986	-10.900837	9.047725	-12.182457	-12.868181
27	-12.756318	13.639336	7.4052157	7.832756	-12.165569	-10.377077	-10.590514	9.45107	-12.286933	-13.98539
28	-11.9985	14.0047035	6.9992537	8.270714	-11.676336	-10.892507	-10.666263	9.236094	-11.726457	-14.763236
29	-12.928348	15.605335	8.039914	7.575765	-14.175263	-12.88067	-12.80555	9.8258095	-13.370246	-13.110212
30	-13.147004	13.812988	6.1767254	8.052583	-11.9653425	-10.702801	-10.39623	8.80709	-12.03189	-14.44562
31	-11.215819	14.72823	7.709814	7.678906	-11.580738	-9.843297	-10.395116	9.274033	-11.864644	-12.616201
32	-11.721904	15.570954	8.003497	6.657153	-12.296832	-10.965805	-11.42731	9.840437	-11.932169	-13.785493
33	-11.454127	15.44227	7.728062	7.2071314	-11.892131	-10.209623	-11.151947	9.208412	-12.182998	-13.131922
34	-10.961835	14.27748	6.035732	7.0329356	-11.374497	-8.129606	-9.838984	9.119707	-11.2358885	-12.095869
35	-14.0047865	16.428438	8.622335	8.856008	-14.886429	-14.676698	-13.377294	9.955585	-14.38159	-11.195818
36	-12.723625	13.786878	7.187653	7.1338897	-12.789069	-11.289751	-11.77063	10.3673315	-13.0522375	-14.218738
37	-12.766359	15.125429	8.221195	7.3481855	-12.704672	-9.710837	-11.9448805	9.5508	-12.948278	-13.042875
38	-11.119605	12.872742	7.188475	8.762684	-12.305835	-12.020336	-11.20443	8.753531	-11.695657	-11.175114
39	-13.8842325	16.482086	7.7647758	8.4369545	-13.614664	-12.39885	-12.479139	10.176596	-13.56944	-14.742033
40	-12.39657	13.600042	6.7909703	7.776093	-11.32405	-10.793364	-10.150625	9.357624	-11.345811	-13.515293
41	-13.120673	16.515533	8.1587715	8.923072	-13.151468	-11.395658	-11.588581	9.996255	-12.825191	-14.000221
42	-12.180583	14.166723	6.920875	8.091495	-11.423915	-9.590155	-10.471837	9.292257	-11.7163925	-12.895115
43	-10.738476	14.319719	6.714308	7.332625	-10.798643	-9.51551	-9.657738	9.341341	-10.700202	-11.405663
44	-14.469494	19.551811	8.338677	10.400969	-15.744821	-13.028271	-14.56235	11.92038	-15.078566	-15.529549
45	-14.210735	17.131117	7.782327	9.005873	-15.315137	-14.3547735	-13.546066	10.178368	-14.315244	-14.982245
46	-13.672062	16.013958	7.9515643	10.407873	-14.0194845	-13.10514	-12.822631	10.095481	-13.85583	-15.147103
47	-12.585415	14.955645	6.9714985	8.318292	-12.507179	-11.711892	-11.722502	9.780379	-12.234908	-13.238364
48	-14.279111	16.447712	8.930395	9.485463	-15.891572	-14.522761	-14.181775	11.608778	-14.545839	-14.624711
49	-13.219124	15.631256	8.282227	9.424232	-13.004619	-13.104472	-12.733247	10.480055	-13.630616	-12.668153
50	-12.034968	15.377807	6.988523	8.359802	-11.812596	-11.654627	-11.169023	9.247825	-11.78576	-12.147998
51	-14.298167	17.699078	7.857006	10.194928	-14.284015	-13.792952	-13.238844	10.694449	-14.102693	-14.602577
52	-10.105265	14.056895	7.397043	6.343031	-10.423051	-7.029179	-9.259047	8.573634	-11.5047	-10.060987
53	-11.1727295	14.609432	5.861116	8.174187	-12.344336	-9.333885	-10.879098	9.355635	-11.444357	-11.838213
54	-11.811661	13.488986	7.047365	9.987313	-11.915339	-11.045283	-10.949661	9.015017	-11.337823	-12.640826
55	-11.284586	14.044678	6.0882297	7.106521	-11.030821	-9.955548	-10.1853285	9.315712	-10.829759	-12.843766
56	-11.550736	13.939156	6.772965	8.091081	-11.437607	-10.325051	-10.369197	9.279447	-11.622394	-12.51664
57	-11.467242	14.476726	7.792244	7.8580747	-12.279376	-11.14574	-10.934962	8.9884	-12.0351715	-14.995646
58	-10.591585	12.315058	6.5406127	7.7986574	-10.775499	-9.607773	-9.434783	8.866315	-10.795131	-13.576526
59	-13.231569	14.415733	6.9163623	8.004892	-12.59197	-11.0873165	-11.064783	10.444841	-13.081126	-13.924251
60	-12.754957	14.573469	8.2602825	8.602063	-12.193844	-11.925702	-11.227331	9.597957	-12.325316	-13.944967
61	-13.960395	16.070377	8.344822	9.594645	-13.443109	-12.603054	-12.421605	9.988438	-13.83635	-15.483694
62	-12.005194	13.576561	7.686087	7.3594728	-11.938485	-9.405893	-10.272226	9.245001	-11.611595	-12.123486
63	-12.725552	17.283009	7.2404437	9.388102	-13.5023	-12.985406	-12.97248	10.03417	-13.361316	-13.458985
64	-11.487382	14.933274	6.1583524	8.413259	-11.474577	-10.337162	-10.837616	9.420077	-11.910763	-13.364879
65	-10.40241	13.835694	7.341504	6.99451	-10.825814	-9.356182	-9.588641	9.072997	-10.8277	-11.678702
66	-14.285701	16.311312	8.736216	8.778867	-15.750743	-13.313243	-13.68846	10.654183	-14.55274	-12.931505
67	-10.004095	12.84817	6.2665443	5.6126394	-10.467475	-8.1355915	-8.583903	8.093182	-10.811381	-9.308163
68	-11.859267	15.796254	6.943549	9.184935	-11.62232	-10.872701	-10.653942	9.3279705	-12.413279	-13.435717
69	-11.680339	14.061009	5.952104	7.2206516	-11.628762	-11.263453	-10.683187	9.752529	-12.218713	-13.7832575
70	-13.988424	15.403194	7.766154	8.823222	-12.999666	-11.572506	-12.134707	10.040721	-13.083044	-15.22233
71	-12.373022	14.155241	7.777626	8.169406	-11.386915	-9.177324	-9.797679	8.618662	-11.240659	-12.493585
72	-11.875495	12.982264	7.156001	7.56584	-11.683201	-9.900361	-11.280803	9.567718	-12.343433	-13.889858
73	-12.002844	14.305664	6.9985757	6.789399	-11.9674225	-9.547347	-9.683905	9.440223	-11.415841	-11.717112
74	-11.210894	13.193784	6.9432864	7.3504796	-11.233605	-9.620574	-9.807926	9.311309	-10.752171	-12.625956
75	-12.69069	13.740318	7.3783603	6.800207	-12.077725	-11.042159	-10.663392	9.544041	-11.53829	-14.962573
76	-11.87736	12.566731	5.098258	7.7333074	-10.988782	-9.634983	-9.871128	8.695272	-10.720371	-12.579151
77	-13.886101	16.248146	8.488676	10.613447	-14.338305	-13.452542	-13.533598	10.550598	-14.082055	-14.519886
78	-14.485781	17.209034	9.587515	11.013286	-16.659609	-15.147127	-14.596396	11.240834	-15.497179	-14.294124
79	-12.899988	14.679338	7.1529236	8.505422	-12.81093	-10.640356	-11.753523	9.579143	-12.695186	-12.386698
80	-13.252046	16.056818	8.061427	10.033255	-13.614274	-12.439396	-12.295127	9.93894	-13.9007635	-13.29129
81	-12.134828	14.054662	6.877623	8.768464	-11.393971	-10.520076	-10.338614	9.343039	-11.585259	-14.073961
82	-13.049111	13.426667	7.1216	7.2036843	-11.853599	-10.6006565	-10.613271	9.695765	-11.787454	-13.844627
83	-12.2628765	12.746403	6.6928573	9.297793	-11.537826	-10.596644	-10.49753	9.200772	-12.11916	-14.241669
84	-12.75184	12.613492	7.2017136	7.135528	-10.93229	-10.500118	-9.814899	9.045677	-10.900983	-13.2147045
85	-10.53312	12.717972	5.3361306	6.1318583	-10.597968	-9.472512	-9.640949	8.906345	-10.085403	-12.485479
86	-12.335465	13.304312	7.0986257	7.7928267	-11.991283	-10.396573	-10.600318	9.684344	-12.186483	-14.22195
87	-13.065598	15.915274	8.020017	9.782795	-13.806949	-12.296171	-13.093769	11.202374	-13.51872	-14.234464
88	-10.2089815	11.57737	5.8527784	6.428525	-10.055188	-8.231312	-7.441986	7.5727763	-11.5260935	-10.389875
89	-13.530913	17.742157	7.618196	9.576227	-13.678807	-12.354546	-13.386796	10.545804	-13.627816	-14.339885
90	-13.92946	15.791726	8.909691	9.036113	-15.020862	-14.1386795	-13.487204	10.976549	-14.258232	-13.219215
91	-10.100239	10.005299	6.191437	5.808139	-9.838313	-7.601975	-8.31818	7.887993	-9.2437935	-9.970018
92	-11.72456	15.006268	6.579801	8.093245	-12.058729	-11.172806	-11.451422	9.333567	-11.985203	-13.143923
93	-12.455003	15.490359	7.209258	9.336196	-13.758784	-11.867712	-12.190943	9.3055525	-12.595415	-13.268166
94	-11.101549	14.474597	6.151807	7.3559637	-11.105421	-9.243735	-9.721949	9.150233	-11.113873	-12.603276
95	-12.755028	14.265107	7.1866574	8.148693	-12.532677	-11.753216	-11.354915	9.7534075	-12.5832815	-14.555845
96	-10.979451	13.646624	5.6371617	7.2000217	-11.446853	-10.13067	-9.97315	8.892777	-11.874007	-13.290225
97	-12.475988	13.445091	6.8207073	7.5956554	-12.829625	-10.746238	-11.961195	9.527354	-12.645706	-15.389232
98	-14.069344	16.44056	8.0133915	8.962398	-14.284919	-11.061817	-12.908344	9.955398	-14.508087	-14.240538
99	-13.813957	16.921394	8.527034	9.639094	-13.857115	-12.708838	-13.155031	10.64429	-13.958693	-14.13491
100	-12.697738	15.047783	8.014743	7.219171	-13.816884	-11.063961	-12.208141	9.79763	-12.889318	-12.896678
101	-12.809188	16.357435	8.142245	8.428132	-14.088777	-12.507043	-13.226279	10.898776	-13.922015	-13.898772
102	-12.986774	13.813463	7.4033875	8.334598	-11.73031	-10.526163	-10.806287	9.266785	-12.168468	-14.270464
103	-11.200445	12.246554	7.6743445	7.6185126	-11.663583	-10.480891	-10.726792	9.153604	-11.976651	-13.851841
104	-11.572322	13.863528	7.357935	7.7398243	-11.568325	-10.402156	-11.123853	9.15778	-11.207666	-12.960984
105	-12.168665	15.317491	6.939955	7.2565336	-11.374712	-9.399987	-10.544332	9.351044	-12.253366	-12.192232
106	-12.641737	13.956371	7.297317	7.8138385	-12.409357	-11.800486	-11.307853	9.419583	-12.575077	-14.253955
107	-11.391809	13.984248	7.3260837	7.352175	-11.359919	-9.499422	-10.1785755	9.293505	-11.276237	-12.225563
108	-12.461597	14.428005	7.3161354	7.6618066	-11.52395	-11.551479	-10.619809	9.195035	-12.256397	-13.89805
109	-13.7261505	16.937738	8.297957	8.779959	-13.826495	-12.2726965	-13.045613	10.1851845	-14.454425	-15.108639
110	-10.755171	13.530778	6.0359583	7.1724772	-11.144599	-7.9546247	-8.842228	8.443879	-11.147585	-11.885365
111	-13.048713	14.957963	7.274009	8.008061	-11.914282	-10.785395	-10.91301	9.444506	-12.415678	-14.4231205
112	-12.222234	13.576898	6.902678	8.050802	-11.796054	-10.349331	-10.352355	9.035947	-11.641114	-12.171139
113	-13.527495	17.014944	8.2633095	9.13088	-15.1989765	-13.222876	-13.653737	10.447103	-13.966086	-14.786223
114	-11.665005	15.278081	6.857454	8.739177	-11.269125	-9.518817	-10.4659395	9.161672	-11.470374	-13.040717
115	-14.375997	17.91239	8.412681	10.766883	-15.187098	-13.312061	-13.916262	10.916697	-15.070531	-14.854431
116	-12.852341	14.103863	7.7368174	7.6591487	-12.82727	-11.633447	-12.11561	9.471533	-12.608351	-12.259821
117	-12.398307	14.2016735	7.4916387	9.549889	-11.410432	-9.765076	-10.90409	9.321564	-13.733716	-13.380141
118	-10.997929	12.5211	6.8286805	6.686063	-10.496139	-8.666022	-9.131841	8.266362	-11.031593	-13.334481
119	-12.807065	14.981384	7.3202543	8.607454	-12.2224655	-10.703709	-11.418891	10.093666	-11.728937	-11.730142
120	-14.603968	15.847738	8.143769	9.581841	-13.830837	-12.513133	-12.835532	10.816272	-14.050047	-15.560307
121	-12.921552	14.980081	8.287974	8.870938	-11.918135	-11.118972	-11.130912	9.568019	-12.323024	-13.489869
122	-14.756127	17.640223	9.091083	10.835974	-15.017302	-13.865034	-13.539186	10.556047	-14.804763	-14.783354
123	-13.957588	14.939703	7.1589446	8.766459	-12.285052	-12.0116415	-11.049782	10.29934	-11.982705	-14.535948
124	-10.967693	11.859675	6.195035	5.4597936	-9.87519	-7.7109685	-7.85549	8.846036	-10.361336	-11.145337
125	-14.454477	15.940285	9.244365	8.63402	-14.698387	-14.134021	-13.314364	11.256047	-13.752337	-14.082667
126	-11.858836	14.5643015	6.8928285	7.091091	-11.682087	-8.92755	-10.448034	9.75718	-12.067867	-13.541496
127	-13.823294	15.298012	8.10244	9.978611	-14.85967	-12.834976	-13.600489	10.396099	-14.026975	-13.615207
128	-12.655674	14.0689	6.0480685	7.735537	-11.775367	-11.2395735	-10.558083	9.011694	-11.258139	-14.131817
129	-11.670727	11.078967	6.5934443	6.366712	-11.636911	-7.5211844	-8.586624	8.276087	-10.81574	-10.057406
130	-11.167936	13.412814	7.356861	7.7304554	-11.318749	-9.268799	-10.064281	8.681413	-11.0171585	-12.185008
131	-9.612707	11.63558	5.7580676	6.5797124	-10.341939	-9.833576	-8.942553	6.927262	-9.220456	-8.325932
132	-11.938026	13.649341	7.29296	6.7406445	-11.319909	-9.99628	-10.0711355	8.747995	-11.378994	-12.257667
133	-13.868145	16.821331	9.108492	9.466999	-15.204647	-15.056644	-14.251709	11.427149	-14.054186	-14.695106
134	-12.113329	13.693687	7.5768304	8.469947	-11.592745	-10.316666	-10.554987	8.872771	-11.34454	-13.930615
135	-12.857329	13.185236	6.859116	7.780816	-12.074869	-11.431445	-10.733686	9.088276	-11.970536	-14.665533
136	-12.361258	14.842185	7.605306	8.254463	-11.986087	-11.1649	-10.838259	9.305967	-12.531131	-13.845595
137	-11.475307	13.160315	6.052447	8.261132	-11.100328	-10.8940325	-9.912073	9.075032	-11.455286	-13.170146
138	-14.284762	17.157387	8.414633	10.261975	-14.829559	-12.881356	-13.137705	10.729629	-14.87038	-14.760429
139	-13.186167	15.111502	7.710536	8.3237	-11.919295	-11.527514	-10.723921	9.4499235	-11.279039	-14.572245
140	-13.799492	16.039644	8.555323	9.947872	-14.736345	-13.849043	-14.316077	11.549187	-13.882456	-13.917595
141	-8.933272	11.657445	4.528824	6.1860733	-9.310156	-8.077142	-7.9874067	7.4731894	-9.582093	-9.591129
142	-14.137151	17.122585	9.244543	9.593964	-14.885448	-13.873379	-14.105512	11.167771	-14.450698	-14.469748
143	-12.685668	13.504346	7.6374345	8.157331	-11.849837	-11.054496	-11.449542	9.590135	-12.767902	-13.209061
144	-6.7686515	6.869157	3.737774	2.1903894	-8.270462	-5.7111583	-7.0087476	6.378087	-9.741038	-6.8863106
145	-13.453156	19.387499	8.835362	10.338303	-14.452222	-13.213178	-14.003418	11.021342	-15.028888	-13.003412
146	-12.462766	16.126335	6.5593567	8.403776	-12.423343	-12.619207	-11.06867	9.435425	-12.986343	-14.378397
147	-13.6316	16.533623	8.377725	10.619676	-15.101851	-14.195566	-13.509112	10.6753	-14.098459	-15.089221
148	-11.3931675	13.809035	7.2886276	8.388892	-11.102434	-10.103341	-9.92942	9.399963	-10.805128	-12.546095
149	-13.6523	18.254368	8.20999	10.789681	-14.298925	-12.359598	-13.381241	10.184316	-14.228962	-12.997412
150	-13.426642	15.051624	7.928735	8.285943	-12.996111	-11.843856	-12.126526	9.889388	-12.381856	-13.110355
151	-12.030226	14.250748	6.919174	8.374776	-11.81624	-8.409432	-10.115543	9.044397	-11.937164	-11.414588
152	-11.912416	15.704858	7.25085	7.681908	-12.433398	-10.8503685	-11.591637	9.454082	-12.538229	-14.43047
153	-12.208198	14.471395	6.844795	8.031719	-12.256382	-11.458921	-11.465995	9.07473	-12.093531	-12.813311
154	-11.489458	14.357353	6.7525773	7.3620214	-11.608773	-9.808509	-10.309553	8.873884	-11.333853	-12.913314
155	-13.019191	15.858366	7.1423955	8.429918	-13.390909	-11.174188	-11.839081	9.820148	-12.71472	-13.781698
156	-12.730366	13.851786	6.819123	7.4611588	-11.152904	-10.164234	-10.211377	8.951058	-11.4528055	-12.5584755
157	-14.461313	16.224136	8.309304	11.110796	-14.367416	-13.339249	-12.989704	11.130025	-13.823173	-14.880781
158	-9.953587	12.874742	6.918459	6.8504667	-10.1326	-8.019828	-8.560496	8.321535	-10.250158	-11.054224
159	-12.189678	14.204443	6.951725	7.67671	-11.484104	-9.534711	-10.231537	9.521657	-11.53491	-13.478009
160	-13.2172985	16.341448	7.799909	9.833326	-14.15973	-12.163785	-12.88191	9.87709	-13.456732	-13.853989
161	-13.498486	15.692373	7.2745943	7.99855	-13.140293	-12.013387	-11.841759	9.658562	-13.056915	-13.785308
162	-12.6508	15.876986	7.3263373	8.718494	-12.957436	-11.909054	-12.175159	9.9997425	-12.913803	-13.566638
163	-11.447409	12.641631	6.832525	6.575837	-11.338579	-9.260129	-9.752213	9.136929	-10.46998	-12.006864
164	-11.948316	13.97679	7.4838095	8.168402	-11.283617	-10.755291	-10.291695	9.561745	-11.482663	-14.050717
165	-10.55102	12.960202	5.792458	7.5992775	-11.166585	-10.742092	-9.813514	9.286169	-9.989656	-14.209181
166	-12.405951	15.717033	7.0929556	8.035217	-11.734699	-11.074679	-10.353784	9.47512	-11.6396675	-12.495401
167	-12.759348	14.306769	7.1068873	8.1730175	-11.048227	-10.335777	-9.717629	9.406876	-11.460922	-13.501869
168	-12.9803705	13.88492	7.3275714	8.588639	-12.50903	-11.643211	-11.690421	9.805544	-12.311662	-11.615421
169	-12.381573	15.005112	8.17085	7.529011	-12.687923	-11.118661	-11.589897	9.894057	-12.880979	-13.812568
170	-11.790363	13.800039	7.6536903	7.5641484	-12.219685	-10.624232	-10.543807	9.543589	-11.858647	-13.723157
171	-12.932622	14.396042	7.3864274	9.117236	-12.536169	-10.945769	-11.429699	9.790037	-13.030968	-15.053963
172	-14.6751795	16.96662	8.339156	8.930109	-14.918894	-13.310964	-13.393843	10.845395	-14.219823	-14.377016
173	-14.219383	14.875243	8.165795	10.580369	-13.793417	-14.85828	-14.364523	10.608249	-13.914277	-13.653882
174	-13.918636	16.24115	8.295658	9.987465	-13.735505	-14.293843	-13.541199	10.940842	-14.435275	-13.759
175	-11.896462	13.454035	5.5858126	7.34643	-11.095396	-11.327548	-9.996075	9.477084	-10.3522835	-14.335696
176	-12.337087	15.428499	6.4298205	8.895825	-11.810419	-10.537391	-11.015807	8.791384	-11.854266	-13.796888
177	-12.373445	13.898178	6.7036443	7.3243456	-11.288823	-9.714366	-10.290807	8.854294	-11.760206	-14.3356
178	-12.38295	14.634502	7.539106	10.358589	-12.562104	-11.846615	-11.908498	9.903381	-12.457518	-13.695082
179	-12.033142	13.691298	8.069891	8.929232	-12.201572	-10.059224	-10.56772	9.562243	-12.656718	-12.904715
180	-15.544509	16.668274	7.53031	10.435498	-14.844276	-14.361774	-14.180616	11.323101	-15.120969	-16.032116
181	-11.687836	13.674986	6.7776303	7.6323094	-11.337648	-9.402851	-10.055715	9.09205	-10.734414	-12.209166
182	-13.559188	16.146627	7.9600463	8.0690975	-13.837903	-14.183867	-12.9040575	9.707371	-13.958821	-15.187434
183	-11.423628	13.276385	7.194987	7.3810863	-11.10587	-11.146613	-10.143317	10.596361	-10.410483	-13.02188
184	-14.474494	18.354273	9.923839	9.654385	-15.168751	-13.104692	-14.252854	11.298684	-15.25704	-14.586625
185	-11.608811	14.743301	7.2807946	7.83474	-11.684152	-11.190631	-11.196124	9.68142	-11.942765	-13.7977
186	-11.057242	14.793421	5.890635	6.81529	-10.453608	-9.199978	-9.3752	7.409197	-10.710149	-12.272098
187	-12.74126	15.523928	8.079342	9.916723	-12.899279	-11.750523	-12.419431	9.684637	-13.145133	-13.855164
188	-12.33017	14.305279	6.79168	7.9706054	-12.214974	-10.8157215	-11.218007	9.41468	-11.454944	-12.804335
189	-12.77902	15.899348	6.9990416	9.402139	-12.428433	-11.576078	-12.034694	9.835758	-13.887346	-14.638348
190	-9.042531	10.787635	6.61101	6.489079	-9.667149	-7.7554593	-8.536132	8.103869	-10.167289	-10.1595745
191	-11.334388	12.664313	8.740485	6.361053	-11.245849	-10.648028	-9.8292885	9.010854	-11.268951	-12.213436
192	-12.183767	14.559482	6.011242	7.8239336	-11.596657	-10.706272	-10.358074	9.019206	-11.111545	-14.778377
193	-10.981851	13.841089	6.511512	6.6032767	-10.975567	-9.416588	-9.873193	9.190844	-11.050658	-13.471032
194	-8.739071	11.460973	6.057719	6.641194	-10.0696945	-7.7359843	-8.175984	8.411828	-10.309415	-11.096667
195	-12.50559	13.316868	6.847028	9.428986	-11.919208	-9.464565	-9.837859	9.10273	-11.747765	-11.712848
196	-11.543477	14.260848	6.3579698	7.7292237	-11.44931	-10.5336075	-11.326761	9.339405	-12.36441	-13.716703
197	-14.379152	16.486197	8.496187	9.48698	-15.703692	-14.617087	-13.915837	11.237268	-14.154802	-15.2980795
198	-10.260525	13.6819935	6.1857204	8.369352	-11.537575	-9.575362	-9.970395	8.922791	-11.539896	-12.403151
199	-11.451633	14.901251	7.3913608	8.7592125	-12.630961	-11.394827	-11.53569	9.953674	-12.839389	-12.856576
200	-10.705283	13.183522	6.7485795	7.229396	-10.80737	-8.896656	-9.049223	9.148464	-10.616801	-12.5525675
201	-8.943948	10.811971	5.9721656	5.685006	-9.884169	-7.3502083	-7.831007	8.049802	-10.347693	-8.814714
202	-14.043598	16.265047	7.568522	9.979469	-13.894231	-13.174129	-13.017263	10.445418	-14.296145	-15.6763525
203	-11.784284	13.208167	7.720548	6.8527737	-11.182232	-8.678574	-9.905495	8.993049	-11.382635	-11.865742
204	-11.208702	14.2190695	8.13869	7.8762383	-11.676775	-9.143066	-10.339141	9.2609625	-11.24031	-11.846071
205	-11.253385	12.819839	6.207695	7.637322	-11.011806	-10.040392	-9.818469	8.403086	-11.109175	-11.221852
206	-13.578882	14.444501	8.223078	8.682476	-13.631361	-13.527269	-12.698019	10.405972	-13.756195	-14.1353855
207	-13.382667	13.452555	7.1560493	8.115017	-13.687577	-12.215994	-12.462134	10.5186	-13.040368	-13.051953
208	-12.739236	12.6989565	7.089422	8.271677	-11.914819	-11.115776	-10.64925	10.265668	-11.923518	-14.432007
209	-12.015957	15.474088	6.919392	6.4222364	-11.825974	-10.092413	-10.515222	9.350657	-12.133928	-12.024942
210	-13.2406225	14.63792	7.053873	9.792332	-12.642997	-11.780838	-12.008537	9.704898	-13.016815	-13.368131
211	-12.929429	13.674032	8.445455	6.2184877	-12.923329	-11.702644	-12.269399	10.067848	-12.876657	-13.773948
212	-12.306933	13.338723	6.3126554	8.737703	-11.4376545	-10.209885	-10.244504	9.341599	-11.907203	-13.4931555
213	-11.736334	13.12542	7.247445	7.6485834	-11.001487	-10.822938	-10.164203	8.840078	-10.8253975	-12.818568
214	-10.584661	12.2526865	6.7542405	6.063881	-11.0096445	-8.171441	-9.273966	8.738598	-11.082301	-12.367474
215	-14.504702	17.089579	9.387477	9.847041	-15.569725	-13.672382	-14.184707	11.117222	-14.972848	-13.967573
216	-11.855758	14.329231	7.672091	6.8733277	-11.40226	-9.783914	-9.900837	8.497644	-11.437554	-14.889035
217	-13.605942	16.272778	7.6134405	9.058215	-12.736192	-11.446121	-12.6311655	10.560146	-12.959641	-14.056612
218	-12.053126	14.391839	6.8093643	7.486709	-12.157729	-10.011642	-10.7726345	9.823858	-11.950167	-12.459128
219	-10.92698	12.964266	7.4322844	8.653637	-11.080078	-10.777209	-10.444958	9.256355	-11.919387	-13.806051
220	-11.533091	13.331084	6.439165	7.3600845	-11.049921	-9.529429	-10.186076	9.295018	-11.38388	-13.382708
221	-11.527312	12.96201	7.173995	6.9957676	-11.317277	-9.834869	-10.084801	9.085404	-11.488633	-12.712168
222	-13.38997	15.767652	8.696962	8.923174	-13.063136	-11.9435	-12.534431	9.713786	-14.242923	-13.955008
223	-11.915594	15.293024	7.024698	7.453223	-11.487297	-10.558465	-10.53672	10.669131	-11.718783	-13.03454
224	-11.602351	13.759358	6.166741	6.922563	-11.165618	-10.338552	-10.422747	8.832491	-11.325279	-12.207375
225	-14.035165	17.78565	9.029516	9.040747	-14.526903	-12.960895	-13.242736	10.345597	-14.364516	-14.429869
226	-11.7612505	14.111586	6.4501624	8.511885	-11.939942	-9.937648	-10.448931	9.302504	-11.662358	-14.171748
227	-14.358994	17.173468	8.030821	10.192927	-15.30005	-13.700778	-14.266909	11.1636715	-15.205417	-16.020416
228	-11.333748	14.209059	7.017796	7.688103	-11.642547	-11.28769	-10.504123	10.005713	-11.206999	-13.698221
229	-11.031156	13.30194	6.6847506	9.70422	-11.27252	-10.197881	-10.447582	10.052241	-11.522304	-12.788385
230	-11.44406	12.789032	7.1643205	8.314641	-10.793317	-10.029942	-10.176888	8.866312	-11.403171	-13.651879
231	-11.903704	12.478214	6.3506017	8.578667	-11.76648	-10.265866	-10.998341	9.374924	-12.233787	-11.967992
232	-11.739299	13.03872	7.562354	8.181724	-11.892496	-10.99336	-10.75598	9.323269	-12.197669	-13.042349
233	-12.191893	13.425117	6.4979	7.0766068	-11.4224415	-10.569851	-10.53719	9.528059	-11.785164	-12.677848
234	-11.549084	11.422148	3.9328356	8.4966345	-10.12589	-13.632609	-10.082006	9.4477625	-9.524726	-13.166016
235	-8.565698	11.011251	6.169596	6.351081	-8.429997	-7.1192446	-7.5904937	7.43618	-9.562718	-10.230105
236	-11.592907	12.505728	7.3649917	7.3869	-11.489567	-10.329523	-9.736154	8.999828	-11.409803	-13.362658
237	-12.047015	14.182907	6.855682	6.815767	-11.554843	-10.788084	-10.495199	9.156591	-11.79211	-12.495457
238	-12.922285	16.43107	7.9019537	9.15405	-13.78335	-12.111153	-13.169541	9.843786	-13.923686	-14.355497
239	-14.151472	17.79569	8.90625	9.765272	-14.968331	-14.788616	-13.830706	10.777192	-14.795389	-14.050709
240	-13.605319	15.034874	7.8455815	8.61178	-12.54619	-11.852156	-12.169621	9.59645	-13.072549	-15.137708
241	-13.082158	14.525702	6.8601575	7.526054	-11.333814	-10.915049	-10.432016	9.278766	-11.67274	-13.885513
242	-12.249623	14.9551735	8.26672	8.351844	-12.256755	-10.182572	-11.179231	9.561942	-12.27803	-14.522836
243	-13.691946	15.591398	8.758905	10.366333	-15.889018	-12.972566	-13.99144	10.897692	-14.914482	-14.066907
244	-14.81632	18.66486	8.852564	10.112355	-15.696917	-14.404926	-13.944717	11.432653	-14.984358	-14.155453
245	-15.027685	16.297224	9.223124	9.544809	-15.4443865	-15.93444	-14.384309	10.8900385	-15.68142	-16.022041
246	-12.954989	14.069836	7.416701	8.272534	-12.195585	-9.926451	-11.102351	9.1408825	-12.505836	-14.173787
247	-10.689553	13.820818	7.0154753	8.254539	-11.351759	-11.218475	-12.655428	9.008998	-12.555616	-12.726184
248	-12.363939	14.656352	7.876982	8.745048	-12.451636	-10.88415	-11.593808	9.835416	-12.098507	-13.512845
249	-13.9566345	14.779148	8.151431	9.599559	-14.862576	-12.996409	-13.847093	10.6663265	-14.376056	-13.654836
250	-11.55645	11.780271	7.0343475	5.605511	-12.14971	-8.812643	-9.310141	8.635388	-11.387581	-11.069387
251	-11.546288	14.463136	8.142234	8.656885	-11.381818	-9.661398	-10.442024	9.626291	-11.83925	-13.493669
252	-13.26123	17.350191	8.442867	8.719742	-14.477322	-11.7296295	-12.609275	9.893502	-13.893605	-13.672104
253	-14.817576	15.020346	8.820941	10.672801	-15.247443	-14.87752	-14.338726	10.768299	-14.878728	-15.474299
254	-10.832967	14.301187	6.9542065	7.218346	-11.530633	-10.882408	-10.655107	9.127884	-11.166348	-13.910915
255	-11.714162	10.628165	6.2715535	6.5298805	-10.834917	-10.573616	-8.681202	8.832937	-12.214987	-11.2161665
256	-10.705375	12.605433	5.801722	5.9052277	-9.728024	-8.03417	-8.163009	7.9597607	-9.774468	-12.086303
257	-14.102014	15.292382	8.3695345	9.2103815	-13.97642	-12.1870165	-12.461236	10.916349	-13.547765	-12.421281
258	-13.272618	16.161442	7.45526	10.700457	-13.694758	-11.911767	-13.070716	10.035219	-14.062727	-15.432401
259	-12.725247	13.749658	6.7533836	7.020717	-11.75442	-9.625411	-9.914184	9.231089	-11.306457	-13.304526
260	-14.198973	16.548813	7.839691	9.102615	-13.732921	-11.749501	-12.656504	10.358811	-14.409984	-15.1586485
261	-11.082131	13.301689	8.162543	7.196964	-11.028738	-9.942566	-9.628107	8.611033	-11.001537	-12.872043
262	-11.754239	14.222218	8.013276	8.848943	-11.635596	-10.453375	-10.667765	9.730653	-11.68618	-12.058652
263	-11.833134	13.874769	7.900469	7.5787997	-11.687434	-9.861882	-10.721841	9.058806	-11.570531	-13.378236
264	-11.968318	14.700377	7.2461047	6.988441	-11.989861	-11.027915	-11.012541	9.983985	-11.994641	-12.742911
265	-12.60227	13.145176	6.8628283	6.049509	-10.26676	-9.179014	-8.649278	8.5945	-11.793981	-11.80063
266	-12.183902	12.911635	8.083074	7.672867	-11.816488	-10.346666	-10.766086	9.311442	-11.925946	-13.137329
267	-15.407053	18.356668	8.861163	10.055752	-16.139116	-14.504733	-14.570692	11.946273	-15.36974	-16.748053
268	-12.192508	13.867266	8.082883	9.394001	-13.701189	-13.304264	-12.846469	10.489529	-12.648967	-11.72562
269	-10.70935	14.196671	5.251309	7.6304817	-10.402335	-9.344935	-9.30503	8.590639	-10.683652	-12.572681
270	-12.909745	13.858679	7.2604566	9.443599	-12.825995	-11.606734	-11.914064	9.937397	-13.351649	-14.48163
271	-12.151413	15.653022	6.9393854	9.334109	-12.33686	-10.919075	-11.636616	9.659785	-12.3984	-13.822975
272	-12.272007	12.881998	7.765916	6.966642	-12.11868	-10.800809	-11.094263	10.101579	-11.985448	-12.793486
273	-11.9713	13.3714	6.2160883	7.2563696	-11.067129	-9.376641	-9.826616	8.864386	-11.09042	-12.574044
274	-12.503089	14.579606	7.2005696	8.61029	-12.927035	-12.453994	-11.574286	10.054915	-12.287035	-14.43795
275	-12.012392	15.957915	7.1185403	8.865524	-12.524129	-10.837134	-12.073513	9.157629	-12.590387	-13.561242
276	-14.507202	18.148443	9.032731	10.077623	-14.913645	-13.850518	-13.297311	10.456939	-14.502404	-13.880616
277	-11.571969	13.664113	6.64849	8.306119	-11.5712185	-9.930739	-10.443486	9.360781	-11.696621	-14.000196
278	-11.940205	14.445874	8.095235	8.645381	-12.556238	-11.545036	-11.441451	9.533243	-12.551945	-14.477225
279	-13.115985	14.01751	7.8229103	7.593175	-12.255475	-11.581478	-11.0972185	9.716922	-12.65089	-14.213968
280	-11.965227	13.987725	6.779576	7.35763	-11.401597	-9.532905	-10.244176	9.165339	-11.617374	-14.578579
281	-11.5416565	13.95157	7.1355844	6.982445	-10.804268	-8.759008	-9.460507	8.960871	-11.110777	-11.421934
282	-13.064796	14.909979	6.9277635	8.460004	-12.253662	-10.66017	-11.435905	9.981812	-12.406281	-14.553582
283	-11.86933	14.875663	7.3751297	8.462445	-11.609542	-10.641953	-11.032738	9.540656	-11.882334	-14.7071295
284	-12.141013	13.182517	5.7403674	6.1122823	-11.196949	-8.52891	-9.899797	9.369345	-11.556172	-11.168808
285	-14.085235	18.262383	8.807714	10.573775	-14.097205	-13.151787	-13.493175	10.533277	-14.200021	-13.234676
286	-12.529348	14.099201	6.8587365	8.844342	-12.462653	-11.427429	-11.447182	9.386095	-11.884759	-11.175063
287	-13.051714	15.148778	6.672329	8.11524	-12.495249	-11.4018755	-11.291339	9.620499	-12.350191	-14.780626
288	-12.149235	14.257018	6.822195	6.6284933	-11.199045	-9.6870365	-10.176481	9.523515	-11.62077	-12.791443
289	-12.680158	14.670084	7.373698	8.537492	-13.043978	-11.597144	-12.4298935	10.624864	-13.382061	-13.205696
290	-11.974138	15.647093	8.181119	7.2166414	-11.645312	-10.021647	-11.076307	9.581124	-11.762021	-11.996295
291	-11.00245	15.041677	5.687162	7.3785653	-11.937416	-10.112969	-11.124816	9.626673	-11.923735	-12.356662
292	-10.676691	13.5355	6.9859767	7.206856	-11.274725	-9.69516	-9.908804	9.342135	-11.300074	-12.718995
293	-12.468089	14.019914	6.551314	9.203611	-13.138324	-10.267235	-12.223558	9.60922	-12.94866	-13.592571
294	-12.188932	16.22062	6.3693495	8.314147	-11.702258	-9.855564	-11.029185	8.645225	-11.979406	-11.744632
295	-11.44718	13.9479065	7.23828	7.161406	-11.294351	-9.398736	-10.21653	9.300096	-11.327388	-11.946317
296	-25.627022	26.539598	9.0510235	17.606619	-21.151712	-32.310303	-22.683184	19.40478	-21.096495	-26.444075
297	-12.575906	14.50849	6.3963923	6.7989583	-11.545071	-9.958624	-10.403385	9.560449	-11.474016	-13.134991
298	-11.427	12.88728	6.9581094	7.0211926	-11.508661	-8.935283	-9.321568	8.8166685	-11.22863	-12.030399
299	-10.584023	13.377237	6.673735	7.2949347	-10.994348	-9.094192	-9.474867	8.770368	-10.804654	-12.149359
300	-11.742754	12.35785	6.755556	7.5196195	-10.92995	-9.479967	-9.672456	8.946696	-11.215599	-12.867287
301	-11.386191	13.396675	7.3171782	7.5408936	-11.050417	-10.386358	-10.083678	9.174872	-11.006706	-12.028579
302	-12.34003	15.115571	8.984124	9.543233	-13.580282	-11.605449	-13.336971	10.332645	-13.669194	-14.3045435
303	-12.467364	14.549656	6.537821	8.165569	-11.446511	-10.167389	-10.388193	9.447894	-11.816398	-14.035347
304	-13.150808	14.5016165	6.5200872	8.9580555	-11.5128355	-10.514161	-11.031548	9.020223	-12.321473	-14.016874
305	-10.728736	13.485037	5.3931155	6.7792706	-10.719402	-9.274272	-9.291481	8.214892	-10.490289	-11.645064
306	-12.263382	14.046805	7.7672586	9.2491865	-12.196581	-10.612214	-11.144493	9.721297	-12.289436	-13.903504
307	-13.142721	15.275632	6.141466	8.1580305	-13.14025	-12.272069	-12.388659	9.184235	-13.135064	-13.357723
308	-10.825711	12.35077	7.1779604	6.9778585	-10.736928	-8.538031	-9.814028	8.762156	-10.694547	-11.619877
309	-11.893677	12.992894	6.6432858	7.339697	-11.385629	-10.418787	-10.442451	9.267191	-11.56627	-13.84916
310	-12.514602	13.521764	7.033736	7.9881854	-11.772891	-9.671611	-10.768325	9.384546	-12.113432	-13.558575
311	-11.600389	13.594822	6.179544	7.2718773	-10.7208	-9.586449	-9.460331	8.942763	-10.449161	-11.652567
312	-12.153237	13.658608	7.1011195	6.497201	-11.9638605	-9.648415	-10.383769	8.807033	-11.173	-13.564323
313	-11.076189	12.7871065	6.6091256	7.1911793	-10.994614	-10.411717	-9.767314	9.3896	-10.208578	-13.430698
314	-13.907388	15.256005	7.3507566	8.018349	-13.707637	-12.936655	-12.3563385	10.286584	-13.529359	-14.272855
315	-11.143027	13.919604	6.932141	6.0587177	-10.723549	-9.925786	-9.862424	8.765565	-10.648845	-13.658592
316	-11.300227	12.125778	5.416954	7.397316	-11.015815	-8.952376	-9.310569	8.680918	-11.077105	-11.69517
317	-10.691577	12.795316	5.9368114	7.6994076	-9.803249	-8.73966	-8.564657	8.59953	-10.060422	-11.750516
318	-12.086374	14.592807	7.346227	8.104036	-11.570029	-9.981399	-10.228683	9.267883	-11.933949	-13.039296
319	-12.346242	14.579852	6.758096	7.6177044	-11.766431	-10.273808	-10.396895	9.565982	-12.492008	-13.96229
320	-12.556824	14.848885	8.006636	7.7846975	-12.143413	-10.797869	-11.267091	9.62869	-12.579899	-13.9726305
321	-11.381619	14.931058	6.500507	6.961909	-11.738366	-10.231269	-11.258502	9.457963	-11.9147835	-13.460279
322	-10.118318	11.261235	5.578711	6.153553	-9.905398	-7.7670317	-8.69897	8.554159	-9.968479	-12.6516695
323	-14.800532	16.267797	8.261878	10.273407	-14.789172	-14.448716	-13.653685	11.529428	-14.974474	-15.089985
324	-12.576922	14.564334	5.7482333	8.241928	-12.17586	-12.0887375	-10.739677	9.302224	-12.312775	-12.842177
325	-14.5220375	14.806363	8.880484	10.999083	-14.800728	-14.077872	-14.022503	11.157354	-14.354335	-14.785811
326	-13.115578	14.40507	7.640407	8.445927	-13.574478	-12.929642	-12.882835	9.527908	-13.192453	-13.399472
327	-11.114068	14.218954	7.754768	6.8827825	-11.147985	-9.843959	-9.73199	8.624643	-10.864492	-12.106266
328	-12.685436	14.746576	7.800018	8.185675	-12.5402565	-11.22109	-11.878431	9.502489	-13.147293	-14.866401
329	-11.35023	13.064504	6.914233	7.2623396	-10.947279	-9.722684	-9.5174885	8.753121	-10.912677	-12.858674
330	-14.48866	15.943647	8.326812	9.79674	-13.557164	-13.13295	-12.705794	11.178774	-13.918278	-14.72947
331	-14.198221	17.144173	8.615683	9.904477	-14.504432	-13.802606	-13.7161455	10.848888	-14.904168	-14.780218
332	-11.557937	14.159735	7.5658283	7.3017077	-11.407037	-10.2329445	-10.417884	9.6230345	-12.361703	-13.242318
333	-12.618518	12.877158	6.4637055	7.862659	-12.099592	-11.43282	-10.99473	9.75658	-11.650624	-13.83653
334	-12.046871	14.369101	7.131189	7.3537216	-11.430719	-8.800993	-10.192322	8.969594	-10.723483	-13.313573
335	-13.642943	17.321772	8.574775	9.853428	-15.113441	-13.39855	-13.4105	10.432272	-14.139044	-13.732536
336	-12.2223215	16.359455	8.4117775	8.8256645	-12.614152	-11.789298	-11.920455	9.936327	-13.142755	-14.055595
337	-12.625967	14.675347	6.499497	8.270659	-12.036406	-12.021744	-11.145798	9.643002	-12.176558	-13.984269
338	-12.386244	15.13593	7.5306373	9.822849	-12.056096	-10.933352	-12.733605	9.710796	-12.481079	-13.59654
339	-14.713956	17.217922	8.716657	9.846255	-14.606382	-12.483062	-13.293815	10.535245	-14.545475	-14.905852
340	-14.363186	16.303177	8.513164	8.985632	-13.860353	-12.87967	-12.914895	10.697627	-13.949106	-15.405192
341	-13.86465	17.438404	7.8515577	9.309193	-13.753754	-12.150147	-12.699787	10.258678	-14.050094	-13.85558
342	-14.650099	17.901491	9.299031	11.303199	-15.632613	-15.505126	-14.760315	11.821699	-15.47027	-15.209083
343	-13.155438	14.800632	7.7578487	8.908215	-12.780448	-11.955842	-11.223881	9.626471	-12.939191	-13.718351
344	-10.343558	12.605443	5.3533187	7.805719	-10.487358	-8.619582	-9.615725	8.811775	-10.425048	-12.946068
345	-12.927176	12.711791	6.7210736	7.063762	-11.978735	-11.618974	-11.277121	8.741059	-11.561288	-12.422071
346	-12.711456	12.927669	7.169887	7.289475	-11.631977	-10.527226	-10.391335	9.470388	-11.586995	-13.17806
347	-11.723558	14.645834	5.5037417	8.379332	-12.096136	-11.19905	-10.786169	9.370143	-11.4437685	-13.454646
348	-12.046851	15.200647	7.7068233	6.3876934	-12.225467	-11.5732975	-11.362991	9.009547	-12.208634	-12.664415
349	-11.975517	12.629189	6.17827	8.186302	-12.3294935	-11.279308	-10.886916	9.747397	-11.949433	-12.029907
350	-12.09924	15.500337	7.3282843	6.8217783	-12.088331	-10.926576	-11.173986	9.243287	-12.370612	-13.163747
351	-11.677036	13.737556	6.762645	7.171292	-11.201633	-9.007569	-9.719704	9.374011	-11.275932	-13.1333065
352	-12.335853	14.464625	6.442506	7.7832165	-11.682221	-11.854425	-10.707712	9.394849	-11.522488	-13.611507
353	-11.889205	14.574845	6.220798	7.159183	-12.133284	-10.327946	-10.643617	9.379599	-12.075267	-12.680311
354	-12.2997875	15.180884	6.7088056	8.382763	-12.543664	-11.318475	-11.993811	9.367059	-11.837174	-14.282572
355	-14.548248	15.09684	8.1099825	10.395928	-15.457062	-14.067929	-13.9032135	11.045381	-14.990287	-15.787085
356	-12.685758	13.505739	8.804884	7.195064	-11.148982	-9.854603	-10.092076	8.869437	-11.348426	-13.425154
357	-11.406963	12.742668	6.4971895	7.9325886	-12.293247	-11.050212	-10.508858	8.999965	-11.121248	-13.607933
358	-12.63744	14.142991	6.4840894	8.499808	-11.6079	-10.456335	-9.956105	8.680371	-11.2662	-13.202121
359	-14.266156	18.53551	8.838394	9.587434	-14.784421	-12.741832	-13.946736	10.9307995	-15.435772	-15.810587
360	-13.42862	16.504969	7.668653	8.227944	-13.562552	-12.104133	-12.739424	10.622959	-13.891511	-14.828835
361	-12.3112335	14.03326	7.788019	7.7343206	-12.088407	-10.751021	-10.638493	9.76037	-12.014421	-13.013999
362	-11.255054	13.294339	6.590579	6.502768	-11.10102	-10.161572	-9.759335	8.97124	-10.907883	-12.012173
363	-11.640818	12.273228	6.229466	8.690691	-11.104221	-10.307675	-10.231599	7.976752	-11.530694	-13.611016
364	-12.275934	14.027359	6.7596326	8.728681	-11.921901	-12.020907	-11.30611	9.194462	-12.326631	-14.25626
365	-11.9576645	15.740374	7.289399	8.02532	-11.869615	-9.381419	-10.964842	9.657874	-11.795721	-12.935571
366	-11.716323	11.857031	7.225802	8.513191	-11.048632	-9.858866	-10.120882	10.714832	-11.187846	-13.383411
367	-11.386018	13.00474	6.2558093	7.1456857	-11.130542	-10.368325	-10.468964	9.244486	-11.126609	-12.617689
368	-12.309963	14.262286	7.6999245	7.6112432	-11.888219	-10.545079	-10.69274	9.975347	-11.971574	-13.513738
369	-12.914755	15.925101	8.6808405	8.67346	-14.337033	-13.596132	-12.941907	10.264856	-13.531275	-14.313167
370	-14.201652	17.169098	8.65362	9.115807	-15.27298	-14.291532	-13.528491	10.484726	-14.2664385	-14.193762
371	-13.708252	15.16844	8.111064	7.926452	-13.830692	-13.0374365	-12.246422	10.002598	-13.519238	-15.125124
372	-13.163885	16.607445	8.356791	7.055098	-13.636989	-12.893598	-12.673714	10.500337	-13.688303	-13.163078
373	-9.70858	12.065624	5.8379216	6.1057987	-9.97522	-7.303731	-8.518345	7.9763374	-10.370968	-8.909649
374	-12.010311	14.363515	5.6563797	8.676953	-12.240079	-10.484522	-10.45509	9.40211	-12.612456	-12.913699
375	-12.424275	14.280424	7.2341685	7.294108	-12.172764	-10.150065	-10.99081	9.752209	-11.69259	-13.362003
376	-12.100917	13.550864	6.9281874	7.271047	-12.243005	-10.410886	-10.520111	9.714999	-12.300349	-13.300039
377	-12.966678	13.6045	6.9008408	6.7251835	-11.34265	-9.698284	-10.257281	8.945698	-12.058566	-13.636764
378	-11.183251	12.754976	6.895991	6.523931	-10.385112	-7.845606	-8.541102	8.283861	-10.659983	-11.460138
379	-12.232325	16.710846	8.798687	6.9798455	-11.878631	-11.022773	-11.213042	9.251646	-12.733409	-13.396343
380	-11.4392	14.24109	6.974908	6.853627	-12.280091	-10.243319	-10.808896	9.639109	-11.889728	-13.095081
381	-13.7550125	14.5585165	8.72416	9.06344	-15.054122	-13.671734	-13.026516	9.799865	-13.778949	-12.199821
382	-12.741376	14.4375305	6.8712316	8.736304	-12.203339	-11.823126	-11.3991995	9.928041	-12.8758955	-13.736853
383	-12.658389	14.707113	8.513272	7.7682314	-13.980342	-13.907328	-12.544612	10.162708	-12.598895	-13.590276
384	-11.809323	14.038639	7.395981	7.4608145	-11.74183	-10.144783	-10.84245	9.157498	-12.460171	-13.382682
385	-11.488221	14.087043	6.915693	7.349477	-11.4790945	-10.077971	-10.315678	9.383951	-11.890364	-13.81129
386	-12.561638	13.094786	6.599045	8.063237	-11.54463	-10.514744	-9.979797	8.976204	-11.471704	-12.772932
387	-12.502454	13.860838	6.6204157	7.423345	-11.359681	-9.704768	-9.993789	9.241279	-12.016304	-13.606544
388	-13.305608	16.302082	8.1456175	8.484102	-12.751824	-12.293713	-11.927777	10.04613	-12.825249	-15.470547
389	-10.086892	11.829349	7.1359534	6.0136952	-10.467396	-7.2660084	-8.958231	8.74228	-10.579066	-8.347596
390	-12.835344	13.067591	7.09232	7.980446	-11.58745	-10.110432	-10.688826	9.286885	-11.588974	-13.577746
391	-12.829827	16.879812	7.313036	8.336025	-14.10763	-12.234468	-13.004852	10.38282	-13.596072	-14.21705
392	-13.622482	15.527152	8.246437	10.102652	-14.409746	-13.638898	-13.005831	10.524161	-13.942631	-13.352171
393	-12.738434	14.627281	8.0086155	7.8169518	-12.929785	-11.86431	-11.786127	9.74951	-12.458362	-14.488425
394	-7.264223	10.7376375	3.6703174	5.214493	-8.163815	-5.0563626	-6.435512	6.6283374	-7.957805	-7.326391
395	-11.742816	13.612701	7.201371	8.110977	-11.077563	-11.209891	-10.285774	9.064155	-11.040628	-12.296505
396	-12.007046	15.560366	7.472512	8.009939	-12.050699	-10.961163	-11.19329	9.565241	-12.407547	-12.295499
397	-12.015101	13.515789	6.8178973	6.3292503	-11.246497	-10.587475	-10.262515	9.681944	-11.797652	-14.469236
398	-12.309599	15.113581	7.287969	8.573208	-13.081927	-11.8892565	-12.609068	9.545163	-13.218188	-14.014512
399	-11.294092	15.11307	6.1119018	7.280604	-11.577579	-10.942139	-10.500414	9.217792	-11.419154	-12.799535
400	-10.471632	13.711066	5.908198	7.560839	-10.771826	-10.010014	-9.612672	8.890536	-10.630357	-13.180167
401	-13.893632	14.018316	7.613657	9.534379	-13.023194	-11.327417	-12.292042	10.540073	-13.895392	-15.275296
402	-14.016462	19.889677	9.699652	9.535858	-16.567657	-14.7336235	-14.848211	10.791894	-14.538253	-10.102181
403	-11.824415	13.448218	6.067384	7.3224754	-11.394612	-9.8198805	-10.0301	8.891041	-11.278853	-12.964914
404	-13.385961	14.967856	7.6307306	9.387536	-13.453448	-12.17081	-12.506741	9.28864	-12.942043	-12.598415
405	-12.278259	13.325242	6.891328	8.181706	-12.210366	-10.730343	-12.462078	9.213528	-12.916387	-10.721373
406	-11.422282	13.415433	6.7910094	7.6138334	-11.484975	-10.509469	-10.105829	9.3818445	-11.470993	-14.279027
407	-12.425659	13.90698	8.064018	7.667543	-12.050497	-11.03107	-11.26394	9.658464	-12.614962	-14.366454
408	-14.925512	16.4989	8.787314	9.404751	-14.650314	-12.960734	-13.494215	10.795209	-14.639105	-17.768826
409	-12.12122	14.690995	7.0251937	7.985992	-11.461913	-11.006385	-11.166591	8.833634	-11.793554	-13.862957
410	-15.2223215	17.254107	7.785664	10.094353	-14.694391	-13.037862	-13.935117	11.471123	-15.262802	-15.89206
411	-12.364414	14.159948	6.402022	7.200919	-11.314762	-9.704967	-9.858766	8.750169	-11.430549	-12.494248
412	-12.574333	15.2062235	7.4188533	7.419145	-11.591132	-10.659311	-10.689325	9.434238	-11.686343	-13.001396
413	-11.752709	14.399232	7.420425	7.809373	-11.553955	-10.540072	-10.759294	9.796995	-11.60314	-12.177986
414	-14.315304	14.439898	6.9107184	8.362005	-12.643337	-11.777805	-11.743936	9.66237	-12.44609	-14.986469
415	-13.731756	16.553925	8.322368	10.269621	-14.670625	-13.82779	-13.342287	10.150081	-14.145697	-14.682553
416	-11.098458	13.049833	6.5413165	7.6643066	-10.802479	-10.140028	-9.590302	8.370075	-10.3737135	-14.255126
417	-11.835935	14.42629	7.721705	7.7076845	-11.837057	-11.214725	-11.014382	9.8543625	-11.655118	-12.347012
418	-13.728378	16.167173	8.298162	10.195594	-15.624622	-13.485253	-13.01839	10.668354	-14.34338	-14.91177
419	-15.004516	17.306673	9.1052265	9.946959	-16.352755	-14.733687	-14.247656	11.241887	-15.239722	-16.035934
420	-12.653547	14.8164	6.7708015	7.124559	-11.848509	-11.163228	-10.82568	9.60321	-12.30089	-14.895473
421	-13.716608	14.9252615	7.393151	10.741431	-13.603334	-12.636496	-12.840694	10.139559	-13.847755	-13.78883
422	-10.623018	13.214868	6.575825	6.492662	-11.256985	-8.172539	-9.427131	8.776127	-11.067295	-13.313719
423	-12.165318	11.153585	6.88322	7.9901414	-11.494542	-11.265249	-10.523002	9.281509	-11.820913	-14.2402725
424	-12.006405	14.831665	7.707585	8.154171	-11.765231	-10.309671	-10.667057	9.082786	-12.202846	-13.194357
425	-12.047834	14.044116	5.677987	6.591008	-11.551205	-9.825801	-9.584394	9.030914	-11.336654	-13.042119
426	-12.552972	15.4482355	7.7407627	7.6260886	-12.127321	-11.003057	-11.09976	9.630805	-12.119696	-13.546825
427	-12.825371	13.9442835	7.7631884	8.686776	-13.728313	-13.222462	-12.781557	9.995635	-13.431093	-11.647509
428	-12.965523	14.403689	7.537306	8.23052	-12.661278	-11.600489	-12.168344	9.626652	-13.431389	-15.569005
429	-14.13298	14.630703	9.02194	9.26938	-14.490194	-14.430593	-13.312257	10.783748	-13.885281	-13.929865
430	-16.677187	15.263822	4.9937725	10.826948	-11.784471	-17.375784	-10.845215	11.886636	-11.83618	-15.335816
431	-10.540482	13.089216	6.3707724	6.7389927	-10.735371	-9.245457	-9.492331	8.635448	-10.763036	-12.932255
432	-13.792611	15.546177	8.60681	9.508989	-15.0225315	-14.116458	-13.597139	11.121655	-14.764112	-13.805805
433	-11.599993	14.485886	6.972894	9.87674	-11.53759	-10.31163	-10.834214	9.747719	-12.015279	-13.366681
434	-13.839075	16.770052	8.543945	9.886495	-15.4341	-13.266561	-13.786347	10.860558	-14.8336525	-15.114429
435	-10.645194	12.617205	5.5780272	6.668593	-10.36734	-9.747126	-9.5902195	8.613186	-10.502821	-11.425261
436	-12.469898	16.968147	6.7401433	8.456531	-13.054411	-11.3291855	-11.606285	9.776835	-13.297691	-12.874312
437	-114.53199	112.34146	57.90027	64.345146	-110.34456	-102.26951	-82.436615	86.862526	-107.290955	-134.12776
438	-9.6924	13.293085	5.4966664	6.3022776	-9.889629	-8.087281	-9.342878	8.076629	-10.176413	-11.365811
439	-8.261352	11.130532	4.3002687	6.5362744	-8.799332	-9.44581	-8.7735195	7.9747295	-8.457349	-10.419812
440	-12.341636	14.11548	7.414466	7.243713	-10.725751	-9.591169	-9.980117	8.284902	-11.473606	-13.218174
441	-14.613832	16.437233	8.433599	10.661383	-15.696041	-14.527212	-13.812671	11.131362	-15.018339	-17.705793
442	-12.769532	13.899459	6.7780156	9.275186	-11.83873	-12.120464	-10.779349	9.737928	-12.531488	-13.875962
443	-13.676584	16.09633	7.5459623	8.780957	-13.650317	-11.587587	-12.139428	10.114821	-13.519524	-15.607521
444	-8.58117	11.751115	5.4408894	6.076025	-8.73874	-6.187199	-7.992319	8.161841	-8.156124	-9.311967
445	-11.996041	14.477261	7.156701	7.1844845	-11.380794	-9.083536	-10.265015	9.250811	-11.715192	-12.653933
446	-13.866697	15.727371	8.194715	9.178744	-14.678388	-14.184361	-13.3273	9.960151	-14.119055	-14.942852
447	-14.605185	16.46129	8.999599	9.451497	-14.831288	-14.021082	-14.010974	10.504248	-14.698812	-14.449243
448	-10.272202	12.279227	6.4744544	6.5339103	-10.913229	-8.641379	-8.925708	8.217424	-10.556333	-8.304454
449	-11.849758	14.596519	7.2897916	7.1623664	-11.836034	-9.362308	-10.579701	9.826946	-11.933193	-13.545724
450	-12.062448	13.547296	7.0228987	7.6526103	-11.357465	-9.310035	-10.360359	9.087858	-11.51351	-13.468148
451	-10.86787	12.529896	6.8267956	7.359281	-10.66486	-8.617335	-9.459436	9.061212	-10.805955	-13.607652
452	-10.624552	13.478955	6.2853103	7.5282826	-11.016518	-7.9137244	-8.884076	8.552569	-10.720301	-11.033645
453	-12.661922	15.379982	8.292648	8.558567	-12.447476	-11.052358	-11.141107	9.546322	-12.645556	-13.868847
454	-10.446452	12.649605	7.06286	6.182754	-10.781323	-8.048176	-9.294475	8.974032	-10.869435	-10.0548525
455	-9.764091	13.054857	6.440304	6.1962266	-10.41344	-8.473882	-8.563435	7.937212	-10.919275	-12.67695
456	-12.086481	13.3117895	6.401181	7.7195916	-11.46318	-11.709279	-10.29759	8.795361	-10.842725	-13.954523
457	-12.804828	15.322529	7.1822996	8.143271	-12.462002	-11.239486	-10.993578	9.799754	-12.216334	-13.532296
458	-10.953894	12.619843	7.050938	8.613181	-12.938431	-11.535788	-12.13129	9.432343	-11.683216	-10.168349
459	-12.587793	14.588236	6.1752687	7.946762	-12.367327	-9.48497	-10.669091	9.2562	-12.042519	-13.786528
460	-11.024657	14.261241	7.2876406	6.531763	-10.983874	-9.873569	-10.150545	9.419233	-10.81025	-13.779855
461	-11.833625	15.110231	7.095455	7.58543	-11.866211	-10.89906	-10.822631	8.902668	-11.798202	-13.0558
462	-11.294996	16.080261	7.4173837	8.70271	-12.113001	-11.177673	-11.676876	9.262537	-12.486172	-12.314807
463	-11.843551	15.581874	7.106917	9.119636	-12.032029	-11.212886	-11.407139	10.050532	-11.993303	-12.444575
464	-14.945841	17.15352	8.858055	9.050991	-14.76556	-14.014166	-12.956627	10.947005	-14.021354	-15.151972
465	-13.196641	16.772684	7.994937	8.540855	-13.049445	-12.030153	-12.850833	10.450522	-12.869086	-13.235486
466	-13.912206	14.9642935	7.967526	10.040303	-14.387289	-13.382196	-13.516381	10.528365	-14.286163	-14.925229
467	-12.323105	14.684079	6.904044	6.23481	-11.890441	-12.400469	-11.262758	9.616947	-12.332877	-13.791968
468	-13.464664	16.791405	8.227906	9.414715	-14.376989	-13.474485	-12.94261	9.833598	-14.142199	-14.023266
469	-13.437302	14.184519	7.337265	7.1118474	-12.201077	-12.025308	-10.864989	10.314408	-12.524801	-14.486003
470	-12.303647	13.852936	7.1446013	8.20278	-11.771784	-10.57192	-10.335748	9.408258	-11.614484	-13.2261915
471	-14.457726	16.937654	8.616465	9.145575	-15.739189	-14.033599	-14.158789	10.827729	-14.756013	-13.280134
472	-11.995233	14.293989	7.0660133	5.875922	-11.284674	-8.84161	-9.243397	8.487613	-11.598713	-11.275508
473	-11.733606	14.370254	6.711161	8.090106	-10.8439455	-9.082423	-9.800948	8.5674925	-10.821819	-11.658086
474	-11.631043	13.935781	7.158895	6.697812	-11.149481	-9.019121	-9.9637985	9.304392	-10.570788	-13.767211
475	-10.0202675	13.025371	6.3211055	6.504441	-10.2547455	-7.1214166	-8.882174	8.486006	-10.548297	-9.256181
476	-11.776894	13.297294	6.772457	6.4751496	-10.932444	-9.882106	-9.826802	9.552019	-10.523254	-13.491699
477	-11.746259	14.343152	7.400691	8.195585	-11.745233	-10.575501	-11.063686	9.219411	-11.540752	-11.563498
478	-9.305132	10.759845	5.879099	6.3457985	-9.914107	-7.2687473	-8.263994	8.153458	-10.374832	-9.834509
479	-11.923993	15.130751	6.6440263	8.598352	-11.813943	-9.313268	-10.903829	10.1965685	-12.040649	-13.005807
480	-11.478384	15.379977	6.967076	8.026919	-11.593352	-9.931227	-10.9875	9.510175	-12.185996	-14.611418
481	-11.880985	14.194531	6.6797037	7.2366304	-11.237761	-10.017224	-10.088005	8.981579	-11.359263	-13.609413
482	-12.301366	14.628494	7.5207295	7.054268	-11.043609	-10.343273	-9.984624	8.587975	-10.62859	-12.32458
483	-12.93973	14.174458	7.2341805	8.892678	-12.050586	-10.320487	-10.841926	9.260325	-12.361603	-14.125782
484	-10.675489	11.049566	6.3969474	8.098783	-9.904923	-6.586256	-8.644905	8.482035	-10.6735525	-10.383005
485	-11.918636	15.207785	7.159008	6.0847526	-11.407802	-9.721882	-10.369205	9.163213	-11.724135	-13.698242
486	-12.816146	16.886795	7.1271	8.688324	-12.752707	-11.153887	-12.181603	10.182832	-12.974204	-13.991652
487	-12.205804	12.789577	5.936191	7.532992	-11.897672	-9.293517	-9.972776	9.399181	-11.941962	-13.646155
488	-13.297338	14.097128	8.167827	8.542021	-13.478455	-11.678644	-12.1837845	10.079911	-13.3076935	-15.173043
489	-10.981703	11.160695	6.508823	5.6848965	-10.348636	-8.677082	-8.445079	8.262779	-10.074379	-11.572299
490	-14.679625	17.157377	8.3441305	9.531773	-15.853891	-13.889914	-14.055987	11.239777	-14.836863	-13.411566
491	-9.53312	12.902767	5.7024837	6.24747	-10.002822	-7.6260333	-8.818747	8.108801	-9.968293	-11.52331
492	-13.114913	16.144098	7.831477	9.026475	-11.820691	-10.983402	-10.8333645	9.717597	-12.281784	-14.64298
493	-12.075839	14.313025	7.48614	8.555057	-11.326726	-9.726788	-10.323283	8.54935	-11.44029	-13.934817
494	-10.108704	12.939632	6.949296	8.303974	-10.4757	-9.995422	-9.342042	8.787341	-10.269199	-13.210933
495	-11.165747	13.035489	6.3394094	7.103558	-10.486574	-8.7051	-9.435193	8.323168	-10.331073	-12.682769
496	-14.856843	18.58363	9.493815	9.808294	-16.573557	-15.072169	-15.262903	12.325631	-15.004139	-14.157819
497	-11.851653	14.698679	8.532079	9.369252	-12.2832365	-9.99001	-12.235895	9.863242	-12.794808	-12.376909
498	-13.186685	16.741165	9.149901	8.77418	-13.361257	-11.880227	-12.226869	9.732932	-12.659885	-15.003749
499	-10.864799	12.918641	7.5507073	7.677318	-11.390343	-9.459816	-10.032123	9.256068	-11.441388	-12.613205
500	-10.830897	13.983161	7.8737755	7.979318	-11.289553	-9.762316	-9.762206	8.928932	-11.27621	-13.037838
501	-14.196593	14.565657	8.583329	9.636458	-13.605552	-13.548501	-13.360128	9.970747	-13.622325	-12.2351465
502	-13.54892	14.465139	7.095038	8.356187	-12.860443	-12.443422	-11.742942	10.244699	-13.42888	-14.980338
503	-10.005395	11.336227	5.514633	6.0424824	-9.415232	-7.830731	-8.32073	8.177884	-9.873351	-11.159931
504	-13.5350685	14.731177	8.653022	10.384591	-14.376653	-13.07687	-14.125899	10.995995	-14.036184	-14.939897
505	-14.0129385	16.597534	8.326747	9.338649	-13.505943	-11.545286	-12.901528	9.344753	-13.783937	-14.547786
506	-12.510636	14.064787	7.031329	8.075059	-12.028347	-9.714422	-11.238026	8.892037	-12.016301	-12.393897
507	-12.537561	12.093955	6.7642493	9.2497225	-12.226662	-10.889908	-11.184633	8.951979	-12.145909	-14.329407
508	-11.068242	13.609777	5.721013	8.165073	-10.818447	-10.865349	-9.889311	8.941209	-10.964901	-12.992531
509	-12.493655	15.534366	6.6382217	8.457419	-12.069792	-11.949765	-10.917493	9.519233	-12.3703375	-14.840283
510	-11.92686	14.928731	6.993605	7.6982045	-11.997525	-9.290752	-10.725128	9.623257	-11.866004	-13.286223
511	-14.036179	15.093079	9.535854	10.417631	-12.701762	-12.618636	-13.748706	11.195139	-15.256438	-13.346792
512	-12.720473	14.119033	7.346295	7.7178	-11.899438	-10.910478	-11.595405	9.192441	-12.29238	-13.541289
513	-10.939326	15.028014	6.997664	8.008375	-11.99421	-9.924958	-11.163186	9.531464	-11.932005	-11.815511
514	-11.725047	14.25779	8.215657	7.452443	-11.2272835	-9.228324	-9.975019	8.936123	-11.635742	-13.259983
515	-12.355644	15.048253	6.688794	7.7691636	-11.517417	-9.475305	-10.24126	9.0727625	-11.533787	-13.524183
516	-14.133271	15.969267	8.622527	9.858081	-15.557506	-14.036657	-14.219519	11.2455225	-14.520187	-14.970709
517	-12.715012	14.774023	7.3079658	6.7898083	-12.235055	-11.103071	-11.283352	9.85405	-12.4785185	-14.092042
518	-11.57035	13.576713	6.200014	7.3126535	-11.15285	-10.285692	-10.007406	9.021055	-11.163898	-13.727525
519	-13.957515	16.052908	6.9213557	8.428702	-12.716272	-11.032685	-11.544393	9.731193	-13.182336	-15.7272625
520	-10.950666	12.995414	6.9813848	5.545162	-10.772797	-8.613185	-9.81015	8.513788	-11.087728	-12.493854
521	-13.535796	16.025007	8.453775	9.186816	-13.668988	-13.79846	-12.978196	10.233277	-13.629931	-14.674809
522	-11.846761	16.213638	6.9346733	8.514079	-12.122442	-11.027585	-11.20841	9.810974	-12.347172	-13.816292
523	-14.4633255	16.458176	9.504221	11.049443	-14.62677	-14.33399	-13.874975	11.321935	-14.374957	-14.441509
524	-11.414418	14.526587	7.2042084	8.260004	-11.443367	-8.98718	-10.660306	9.628073	-11.668676	-13.362236
525	-12.275984	14.31516	6.6980557	7.509532	-11.813666	-11.833831	-10.516539	8.712041	-10.891692	-13.762334
526	-12.8069	13.681148	8.127288	8.821552	-13.353088	-13.484613	-12.29672	10.179599	-12.653645	-12.026565
527	-14.233817	16.274708	8.520853	8.659767	-14.244942	-13.348286	-13.052888	10.428895	-13.960859	-15.415204
528	-15.039131	17.43076	8.137243	9.218461	-15.43589	-13.239223	-13.611084	10.823401	-14.337719	-14.963098
529	-10.41116	12.858916	6.3354087	7.3439236	-10.59608	-8.858166	-9.791129	9.595562	-10.936338	-12.732077
530	-13.325204	14.892156	8.331582	9.253173	-14.711224	-13.2168255	-12.513567	9.811556	-13.108468	-12.065333
531	-11.58932	14.063685	5.670103	6.445827	-11.569693	-11.400487	-10.707847	9.096531	-10.936398	-13.463786
532	-11.991448	14.265172	7.002973	7.2745414	-12.159315	-9.408366	-10.860994	9.220104	-12.008049	-13.442668
533	-10.559523	13.38928	6.528117	6.280905	-11.152805	-8.644836	-9.700386	9.172956	-10.828252	-10.836407
534	-14.495112	15.761666	8.335591	10.007751	-15.092284	-15.498125	-13.750485	10.950946	-14.87333	-14.840948
535	-13.519268	16.149643	8.665639	10.069915	-14.208038	-12.66289	-13.22162	9.955477	-14.129229	-13.466815
536	-10.239021	13.076885	5.510053	6.6376734	-10.847514	-9.304285	-9.544516	8.955941	-10.210821	-12.669652
537	-12.261044	13.767442	7.161139	8.180208	-11.946851	-10.395552	-10.6613245	9.732818	-12.37406	-14.666205
538	-11.004021	12.215211	6.35256	7.4511375	-10.683917	-8.043806	-8.806467	8.372589	-10.750636	-11.0376005
539	-11.403845	13.600584	6.722283	7.2866125	-11.865156	-8.8529	-9.55445	8.764331	-11.640391	-11.378636
540	-14.814765	16.709814	8.671941	8.93589	-15.18997	-14.068585	-13.431407	10.407732	-13.969623	-15.262316
541	-13.472443	15.349698	7.3653936	8.552566	-12.705388	-12.059759	-12.235192	10.1350565	-14.087416	-14.557118
542	-12.742891	13.453886	7.687069	9.524081	-11.652001	-11.382301	-10.693172	9.101334	-12.08285	-13.581708
543	-10.219825	14.01147	6.793354	7.6710796	-11.223493	-9.962984	-10.27415	8.715366	-10.739238	-12.140721
544	-11.947035	13.943319	6.977744	8.000718	-12.502301	-11.447863	-11.415373	9.881208	-13.301341	-13.790795
545	-11.704419	13.738292	7.7888417	8.327973	-11.755193	-11.431948	-10.600392	9.709618	-11.02576	-13.378403
546	-15.393765	16.16157	9.151885	8.686576	-15.463027	-14.611889	-13.61169	10.507603	-13.982479	-13.45983
547	-10.336366	13.395063	6.658582	7.5494804	-10.3261	-8.354963	-9.207113	8.12883	-10.781988	-11.368434
548	-12.007361	14.255182	6.5358987	7.8118176	-11.700341	-10.987322	-10.958917	9.476895	-12.126526	-14.4736395
549	-10.94489	12.182394	7.0354495	7.652483	-12.611624	-11.209951	-10.815949	8.23792	-11.295895	-8.971383
550	-12.357132	14.115077	6.9794497	7.8001504	-12.763001	-12.07559	-12.017794	10.518951	-13.00555	-13.512119
551	-13.269979	17.7929	7.8269463	10.268514	-12.973184	-12.220977	-12.550358	10.094687	-13.898367	-15.033874
552	-11.63577	14.222625	6.8991346	7.677978	-11.319732	-9.561168	-10.174071	8.951842	-11.429381	-12.1918
553	-10.569935	13.802118	7.7085586	6.899404	-10.627758	-9.002168	-9.830898	7.844624	-11.061687	-12.688037
554	-11.008061	11.758336	6.7214026	6.73664	-11.2306795	-8.295411	-9.132222	8.806196	-11.084944	-11.5227585
555	-11.626885	13.485366	7.3212485	7.9382744	-11.40785	-10.136424	-10.352889	9.246238	-11.818776	-12.699832
556	-12.741135	13.797416	7.91684	7.6890116	-11.986161	-11.702052	-10.971339	9.665773	-12.34163	-12.841119
557	-11.894027	15.416346	7.02585	8.730812	-12.014576	-10.526755	-11.108689	9.769214	-12.424214	-13.197451
558	-11.704712	15.336951	7.4765344	7.696455	-11.424892	-10.552008	-10.711111	9.267225	-11.650666	-13.035258
559	-12.517256	15.472833	7.3320036	7.7444663	-12.360749	-11.458948	-11.457747	9.927104	-12.431003	-13.84666
560	-12.498825	14.982709	7.01464	7.317998	-11.558622	-9.573178	-10.895577	9.36214	-12.382873	-12.977794
561	-13.106498	14.306118	8.35689	9.025337	-12.682187	-11.022446	-11.594643	9.68429	-13.116569	-14.68793
562	-11.896659	14.318027	7.1708612	7.458801	-11.903822	-10.962872	-10.817833	9.88608	-11.691409	-13.126066
563	-11.71531	14.574146	7.507325	8.541222	-11.251668	-10.206527	-9.880558	8.715537	-11.646276	-13.321048
564	-12.520483	15.939988	7.7408857	6.9229	-12.470148	-11.11294	-11.216504	9.417911	-11.630943	-14.071637
565	-11.720127	14.652096	7.413321	7.6615453	-11.334926	-10.891057	-10.463089	9.024179	-11.494618	-13.319561
566	-13.254236	15.278227	7.707039	8.747669	-12.628765	-12.160043	-11.49566	10.1501	-13.101826	-14.462809
567	-11.906881	13.475764	6.1533375	8.804977	-11.905857	-9.384345	-9.239611	8.8285675	-10.812766	-13.271716
568	-10.791516	15.089952	6.8425355	7.5376377	-11.390236	-9.3845415	-9.986043	9.182106	-11.059079	-13.450923
569	-12.031317	12.4199915	7.0102754	8.924996	-11.367743	-10.634012	-10.323115	10.311435	-11.525804	-13.795781
570	-11.651042	13.700229	7.358454	7.601306	-10.900207	-9.623943	-9.881765	9.001281	-10.903215	-13.994835
571	-12.110165	13.867467	7.076159	7.4422927	-12.246466	-11.261588	-11.520781	9.76296	-12.056581	-13.901259
572	-11.9764185	14.207738	7.7526536	8.943863	-11.768614	-11.258825	-10.4695215	9.75012	-11.879307	-13.579386
573	-14.120567	15.969549	8.0062475	9.794978	-14.792181	-14.059536	-13.445828	10.644826	-14.398729	-15.644447
574	-11.802562	12.945508	6.897935	7.1790423	-10.908198	-9.554009	-10.589634	9.498903	-11.348891	-12.552968
575	-10.490969	12.948811	6.5928035	6.709184	-10.434411	-8.909816	-9.460577	8.437387	-10.193991	-10.783873
576	-11.76793	14.070599	7.8521833	7.690354	-11.683602	-9.123145	-9.908206	9.46831	-11.765567	-12.677751
577	-10.160041	12.138079	5.9319196	6.637707	-10.484892	-8.076415	-9.086133	9.234754	-10.557298	-12.054757
578	-13.232786	13.83148	6.9590816	7.550933	-11.758557	-9.563783	-9.8753195	8.896604	-11.64103	-14.404228
579	-14.587554	15.139495	7.556579	10.870424	-13.614818	-12.006524	-11.680297	10.241564	-13.072167	-14.293854
580	-11.737269	13.673363	7.1156816	6.3468986	-11.659337	-10.088399	-10.490519	9.898318	-11.310829	-12.900391
581	-10.210088	11.338146	5.149109	4.9959793	-9.67467	-8.093278	-8.515042	7.5628767	-9.781133	-11.706679
582	-12.083298	13.370168	6.9664006	7.0171833	-11.333702	-10.249907	-10.186848	8.743952	-11.465562	-12.513123
583	-12.9888935	14.642032	7.420327	9.038945	-14.809908	-14.235689	-12.553924	9.262032	-13.729211	-13.34489
584	-12.734552	12.552737	7.0499916	7.7468257	-12.393594	-11.992201	-11.404153	8.525764	-12.297789	-13.273056
585	-10.967849	12.731368	5.976299	6.6717324	-10.886675	-9.271365	-9.55934	8.843149	-10.305441	-13.946103
586	-11.230748	13.921198	7.3707623	8.052379	-12.105938	-10.462199	-10.960371	9.237742	-11.9785185	-14.29653
587	-12.3149185	14.370788	6.415594	7.2871766	-11.305856	-9.8333645	-10.50797	9.434937	-12.032058	-15.124989
588	-12.374805	14.209297	6.1469955	7.713678	-10.785177	-10.089707	-10.183865	9.198148	-11.209407	-12.806409
589	-11.738569	15.437224	6.6407743	8.909547	-11.513809	-9.686361	-10.510134	8.746483	-10.791336	-12.780209
590	-11.840509	14.066117	8.4825115	6.3586836	-12.629688	-10.3935175	-11.695587	9.572381	-11.919773	-13.19885
591	-14.235787	15.930221	7.8722253	7.453331	-13.360448	-12.176666	-12.866982	9.895557	-14.166844	-15.069218
592	-14.286957	15.799789	9.0641775	9.240542	-14.468662	-13.648431	-13.578948	10.756987	-15.233278	-16.38762
593	-11.40517	12.563412	5.216909	7.39646	-10.015269	-10.055393	-9.334911	8.385393	-9.820999	-11.955433
594	-13.336408	14.078437	7.7777324	8.829705	-11.657555	-11.140909	-10.83562	8.825001	-12.059579	-12.2605915
595	-12.291878	13.719391	4.5385547	7.2994037	-10.970064	-9.367877	-9.707257	9.096229	-11.104463	-12.239958
596	-12.552373	14.878925	7.714945	8.587175	-13.121629	-10.93243	-11.725813	10.083554	-12.482185	-13.626379
597	-12.965753	16.271067	7.942399	8.847339	-12.699168	-11.97434	-12.010264	9.972087	-13.196207	-14.307283
598	-10.687795	13.767029	7.5954537	7.3470716	-11.179411	-10.099785	-9.604079	8.46687	-10.734144	-13.908684
599	-10.477438	12.379716	6.446191	6.317912	-11.071602	-9.260685	-9.292824	8.688484	-11.202427	-11.607034
600	-13.721977	15.486949	6.318018	8.465794	-12.500605	-12.158992	-11.64318	9.672933	-12.736771	-15.3204
601	-12.637004	14.965574	6.2931147	8.55242	-12.555308	-12.433894	-11.981136	9.371674	-13.282615	-13.250654
602	-12.87622	16.22777	7.82328	8.21983	-12.758459	-12.928238	-12.248497	9.536889	-13.362702	-14.988149
603	-14.307291	16.157532	8.344578	9.9157915	-14.159374	-12.809453	-13.711321	10.431874	-14.658158	-14.68878
604	-12.141638	14.985276	7.6269045	8.859186	-12.099258	-12.294374	-10.86125	9.418355	-12.277754	-13.693691
605	-12.132743	15.322825	7.5474677	7.858742	-12.115509	-11.258595	-11.350614	9.11216	-12.413141	-13.049798
606	-12.022046	15.774887	7.8714786	7.2288747	-12.691696	-11.45685	-11.367257	9.413382	-12.503044	-14.287159
607	-11.248539	13.357937	6.5896297	7.963004	-11.082357	-7.8291802	-8.939885	8.330292	-11.573952	-10.734486
608	-13.206934	14.847298	7.053044	9.356015	-12.288753	-12.005277	-11.56846	9.923567	-12.715486	-14.39845
609	-12.8821335	14.054814	7.8445067	7.4035573	-12.271353	-11.1592045	-11.131221	9.067546	-12.510944	-14.174388
610	-9.825233	12.633135	5.468009	5.961252	-10.092942	-7.5073733	-8.581824	8.277448	-10.315612	-11.144224
611	-14.808658	16.869373	8.320593	9.807294	-14.815253	-14.06377	-13.439934	11.274578	-14.611024	-15.663703
612	-10.552649	13.146411	7.203576	6.1041226	-10.138344	-7.8034873	-9.110721	8.61015	-10.893998	-10.668428
613	-13.422315	15.966684	8.184428	9.705328	-14.62586	-13.427376	-13.019623	10.329066	-13.705429	-13.680308
614	-12.194637	14.56788	7.0644064	6.991653	-11.720021	-10.550884	-10.484719	9.002377	-11.628805	-13.549667
615	-14.75815	15.537151	8.376981	9.820043	-14.700508	-14.40207	-13.437449	11.28821	-14.234434	-14.9952345
616	-12.172667	14.769372	7.4738197	8.4241905	-12.758688	-11.123457	-11.341068	9.57094	-11.877307	-12.9819975
617	-14.520935	17.27353	8.948879	10.292446	-14.993053	-14.442211	-14.252886	10.184666	-14.998526	-15.385021
618	-13.682369	16.393566	8.211708	8.7993	-15.059169	-14.159168	-13.663995	11.019001	-14.449077	-15.903943
619	-12.21336	12.7202215	7.1471105	7.879458	-11.75537	-11.501715	-10.786951	9.144207	-11.901388	-13.301395
620	-11.694942	14.385471	6.8440466	7.9837184	-11.223458	-9.406488	-9.71951	9.299553	-11.498677	-12.616402
621	-14.098795	17.52055	7.8317714	7.928704	-14.5864725	-12.527677	-13.194493	10.540686	-14.597629	-13.492984
622	-13.961437	15.303008	7.4614563	8.850118	-13.894106	-12.661265	-13.009485	10.469522	-13.737143	-13.734572
623	-10.950245	13.6785755	5.773974	6.9212584	-11.271683	-9.11109	-9.865823	9.207174	-11.42079	-11.724497
624	-14.0072365	15.678196	8.519156	10.498018	-14.42058	-12.915903	-13.725276	10.2831	-14.597507	-14.635514
625	-10.475246	13.6657095	5.9058356	7.373768	-10.909516	-9.433109	-9.416927	8.741912	-11.133005	-10.975172
626	-10.94747	13.027287	6.3413672	7.6977825	-10.789263	-10.053921	-9.938623	8.6806345	-10.233692	-14.299112
627	-14.857755	16.436693	8.869127	8.957355	-14.385784	-14.107083	-13.757686	10.854836	-14.3567505	-14.186199
628	-10.515336	13.892826	6.7190976	7.6190944	-10.9509735	-7.9127097	-9.514521	8.972832	-10.263476	-12.308524
629	-10.525481	12.958248	5.9249215	7.0487843	-9.826354	-7.749145	-8.937464	8.3541565	-10.117846	-10.3806095
630	-13.988264	17.48385	8.307202	7.866389	-14.95475	-13.090485	-13.266913	10.826654	-14.730184	-14.478575
631	-13.906371	16.070747	8.122685	8.876275	-13.153324	-13.099779	-13.067985	9.794781	-14.42382	-13.031345
632	-12.269956	14.325362	6.2359686	8.214784	-11.666875	-10.791545	-10.102203	9.288881	-12.09183	-13.580772
633	-11.9994135	13.965439	7.2717075	6.5566564	-11.651769	-10.472508	-10.76423	9.253563	-11.487511	-12.789187
634	-11.104802	12.562023	6.7238564	7.7983413	-11.745929	-8.655817	-9.831717	8.830673	-11.421562	-11.064693
635	-12.057889	13.635697	6.3616624	8.573174	-10.748619	-10.241666	-9.909109	9.507532	-11.065414	-11.800073
636	-12.055057	14.548141	6.7019296	9.833791	-11.775567	-10.606774	-10.943276	8.46567	-12.624976	-12.893664
637	-11.342902	13.77869	6.6244574	7.3598175	-11.475712	-9.930794	-10.756452	8.750008	-11.555123	-12.901535
638	-14.319185	16.682375	7.9057446	10.115745	-14.326067	-14.152554	-13.471758	10.346065	-14.041451	-15.244339
639	-12.890822	14.659383	7.613337	7.9728403	-12.698397	-10.981175	-12.217551	9.496515	-12.860121	-14.066772
640	-13.104535	14.558665	7.9763627	9.58355	-12.862575	-11.15184	-12.319572	9.503493	-12.961227	-14.270037
641	-12.433819	14.229981	7.4385514	9.476373	-13.361377	-11.6362915	-11.348533	9.812962	-12.449928	-14.566822
642	-14.109586	17.491951	9.207761	10.508609	-14.789461	-13.191543	-14.202834	11.61526	-14.415627	-13.822711
643	-11.714563	15.586646	6.796972	9.446973	-11.046706	-9.690327	-9.993019	10.07757	-11.374335	-12.10411
644	-13.51002	14.985867	8.050876	9.591329	-13.414352	-13.019768	-12.290448	9.67054	-13.88771	-14.897047
645	-11.970159	14.743168	7.422386	7.787615	-12.111438	-10.399791	-10.359229	9.345847	-11.267421	-14.69621
646	-10.323817	12.2213335	7.216299	7.0074463	-11.326752	-11.702797	-10.623777	8.507686	-10.165547	-9.578251
647	-13.823443	15.765989	7.7220864	9.92156	-14.148676	-12.935526	-13.400748	9.85614	-13.957033	-14.275197
648	-12.115157	13.749043	6.613921	7.6033397	-10.690979	-9.517461	-9.778467	8.706536	-10.868152	-12.049719
649	-11.518738	14.481383	7.036083	7.8621926	-11.058089	-9.7534	-10.015779	8.903183	-10.993782	-12.20411
650	-12.105184	13.660029	6.291528	8.13539	-12.139939	-12.73765	-11.25813	10.0925045	-11.527442	-13.817682
651	-13.650113	15.965599	9.202842	9.272033	-14.519996	-14.930378	-13.719885	10.934843	-14.290719	-13.741133
652	-11.629731	13.57221	5.5579233	7.9538317	-11.2623825	-9.017664	-9.539478	9.240555	-11.006789	-12.549999
653	-11.28133	13.926035	6.999304	7.5313287	-11.476796	-10.968514	-10.09536	9.173568	-11.981804	-13.530919
654	-13.912834	16.17193	7.948444	7.8579946	-13.38794	-12.4641905	-12.830383	10.476973	-14.024816	-13.421435
655	-11.754953	14.701654	7.4231133	8.221362	-11.482134	-9.0909	-11.141051	9.903153	-12.759423	-10.432348
656	-11.542505	12.981423	6.46487	6.960737	-11.614091	-9.810612	-10.076647	9.335729	-11.08359	-13.182073
657	-10.711704	13.9553385	6.7497134	6.4741964	-11.236784	-9.225001	-9.891094	8.778543	-11.132759	-12.423141
658	-12.53111	15.111197	8.31053	8.006207	-14.238339	-12.512253	-13.234865	9.921715	-13.882107	-14.314409
659	-11.652215	13.760938	7.303056	8.10065	-11.605872	-10.226625	-10.675704	9.184356	-11.661846	-13.13857
660	-11.500484	14.187693	6.366065	8.763155	-11.974781	-11.225657	-11.0394535	9.156563	-12.236577	-13.878456
661	-10.719001	13.399009	7.072228	7.484065	-11.337802	-8.943913	-9.518144	9.052392	-11.521191	-12.211932
662	-11.201219	13.503069	6.9879475	7.479757	-11.433686	-9.524565	-9.91822	9.55406	-11.39324	-9.8633585
663	-12.681751	15.216023	7.1196113	9.52332	-12.326726	-11.104125	-12.004055	10.187217	-12.843908	-13.656736
664	-10.829959	13.542999	6.783669	6.7044024	-11.35536	-9.112966	-9.858172	9.275853	-11.106394	-12.516538
665	-14.763315	16.764097	8.164742	9.49137	-15.001747	-13.749523	-13.5944805	11.322296	-14.377246	-15.786416
666	-14.099575	16.691149	8.336411	9.64265	-14.502242	-13.224509	-13.550188	10.189549	-15.0656595	-15.470338
667	-14.282436	15.366293	8.662027	10.305404	-14.66836	-13.581798	-12.971651	10.539929	-13.663737	-14.021319
668	-10.979992	14.995945	7.0608206	6.2179523	-11.106776	-9.24173	-9.823023	8.869705	-11.069994	-12.504581
669	-10.830869	14.017105	5.789998	6.2554274	-10.483656	-8.895681	-10.075948	8.375526	-10.382131	-11.142428
670	-11.467054	15.404261	7.731813	6.806549	-12.942627	-10.05167	-10.882166	9.554396	-12.587212	-12.404941
671	-13.414132	14.551219	7.725669	8.004526	-13.161696	-12.152435	-12.430218	10.093396	-13.82924	-13.945073
672	-11.838954	13.813134	5.456064	7.5227094	-11.332711	-9.458702	-9.913145	9.1179495	-10.783371	-12.883924
673	-13.147671	15.801264	7.8907466	7.920654	-13.482357	-11.977267	-12.509649	9.719815	-13.395131	-14.594896
674	-11.982551	12.791124	6.2291336	8.393188	-11.66099	-11.420944	-10.046824	9.235393	-11.798714	-13.869917
675	-14.187812	16.322327	8.390522	9.386025	-14.664906	-13.457633	-13.51077	10.798242	-14.646538	-14.611245
676	-13.495357	14.027601	6.815137	9.358774	-12.674127	-11.880749	-11.333093	9.716192	-12.787962	-14.596131
677	-11.357588	15.005834	7.8713636	7.8464947	-11.607093	-10.6695175	-10.648824	8.834674	-12.046917	-12.706478
678	-11.224085	12.294413	7.8338437	7.3610635	-11.523183	-9.485518	-9.620527	8.957438	-10.824001	-14.772395
679	-12.893716	14.214175	7.2271566	7.271142	-11.391736	-10.432556	-10.149682	9.125429	-11.654942	-12.606452
680	-11.022678	12.43008	6.187357	7.272705	-10.393656	-8.353487	-9.033773	8.5601	-10.772409	-9.674003
681	-13.367952	17.342098	6.6673865	8.919893	-13.538921	-12.876148	-12.336894	9.874785	-13.213447	-14.163632
682	-10.591753	13.491624	6.1040516	6.0755367	-10.351724	-8.3495035	-9.172306	8.407031	-10.946106	-10.535073
683	-12.337359	15.310261	8.030222	8.278174	-12.922753	-11.07923	-12.24019	9.847552	-13.548325	-12.57373
684	-11.371081	13.650782	7.962875	8.872882	-12.550442	-11.171722	-11.633003	9.520203	-11.333612	-11.08671
685	-11.375306	14.315567	6.0528803	8.371965	-11.422487	-10.003873	-10.281347	9.517033	-11.712338	-12.035844
686	-12.6257515	14.249633	5.9534273	7.4695015	-11.526361	-9.964748	-10.304959	9.168404	-11.246558	-12.598274
687	-14.763616	17.930658	9.709366	9.664906	-15.4919615	-15.041456	-14.1642685	10.440439	-15.045225	-14.616043
688	-13.36752	16.336935	8.690985	8.785574	-14.491698	-13.002594	-13.723195	10.795967	-14.179756	-12.8320265
689	-12.362593	14.714769	6.782622	7.901812	-12.1273	-10.896631	-10.804728	9.193141	-12.22104	-14.357053
690	-12.587462	15.559913	8.417463	8.362296	-13.249134	-12.533196	-12.4440155	10.125939	-13.132657	-14.026411
691	-12.487113	16.038015	6.716284	8.236136	-11.964743	-11.991745	-12.099518	9.551468	-12.829028	-13.321181
692	-11.891055	14.165874	6.4388423	8.258642	-11.815892	-10.201926	-10.513443	9.342385	-11.502744	-12.763181
693	-10.508004	15.006573	5.921848	7.032109	-10.466048	-8.92403	-9.460939	8.658349	-10.588479	-12.575836
694	-14.354402	16.53119	8.016296	8.765834	-13.788488	-11.171197	-12.541472	10.507547	-14.478685	-14.6792965
695	-12.918417	12.597846	7.402455	8.2166195	-11.989059	-10.584437	-10.753945	9.05551	-11.956467	-13.63402
696	-12.466903	15.333672	7.1448383	8.487167	-12.779095	-10.860028	-12.042881	10.014298	-12.624246	-13.735237
697	-11.959487	15.470424	7.302391	8.585607	-12.31926	-10.968159	-11.707193	9.198216	-12.949548	-13.749912
698	-12.664255	13.965775	7.919504	8.022392	-12.448365	-11.013876	-11.814332	9.654469	-12.407227	-15.258096
699	-13.666543	18.011095	8.848593	9.741294	-15.087277	-13.782416	-14.302561	11.056659	-14.6846895	-14.282318
700	-12.309847	14.34521	8.179176	8.357584	-12.00849	-11.156175	-11.1949	8.8736925	-12.506029	-12.545179
701	-12.159408	14.763003	7.1804895	9.306018	-12.644831	-10.884688	-11.391262	9.335555	-12.981239	-13.752997
702	-11.574583	14.335818	7.543757	7.2576866	-11.635374	-10.831981	-10.712344	8.49985	-11.523786	-13.991811
703	-11.859803	13.649604	7.079036	7.832322	-11.725322	-11.106725	-10.981478	9.665392	-11.80141	-14.0692835
704	-11.216948	12.41309	7.189586	6.2075515	-11.3078	-9.083761	-9.944486	9.331186	-11.726097	-13.790094
705	-11.527657	13.961419	6.1282935	7.1362495	-11.642126	-9.601113	-10.402994	9.344966	-11.918849	-13.353617
706	-12.094583	13.135619	7.939827	7.0464573	-11.786337	-10.073376	-10.474566	8.948217	-11.831721	-12.432436
707	-10.143241	12.74852	5.5504737	5.5040536	-10.681723	-7.768533	-8.218518	8.181524	-10.701435	-9.630638
708	-12.185551	14.732512	7.563563	10.656482	-12.471524	-12.216571	-11.672932	10.413143	-12.482733	-14.740675
709	-14.788559	16.002678	8.774429	11.13069	-15.0714035	-13.553226	-14.339416	11.234981	-15.894342	-16.300049
710	-13.224563	14.955643	7.753329	9.514778	-13.324829	-12.84728	-12.218907	9.921248	-13.642067	-15.630201
711	-12.264436	13.186797	6.3773565	6.99163	-11.879411	-9.778783	-10.413637	8.73438	-10.803123	-12.68554
712	-12.605269	15.407407	8.246367	8.704151	-12.524639	-11.92898	-12.314843	9.391912	-12.924385	-13.698989
713	-10.175624	12.611679	6.1918006	7.608849	-10.1338415	-8.432707	-9.032532	8.041842	-10.091806	-10.651753
714	-11.384744	13.015025	6.3497486	8.270444	-11.297011	-10.035004	-10.325831	9.415075	-11.032426	-12.556014
715	-12.500882	13.519648	7.1308866	7.0737004	-11.224581	-9.435663	-9.838529	9.044926	-11.741002	-12.629067
716	-11.878586	14.585641	6.8384566	8.322223	-11.888198	-11.643602	-10.938449	9.55388	-12.179362	-14.155101
717	-11.295943	12.582037	6.975285	7.41993	-10.970254	-9.2547865	-9.789628	8.714212	-11.134669	-11.810388
718	-13.313818	16.578527	7.9768724	9.717657	-13.65464	-12.692407	-13.199165	10.384427	-14.737428	-12.924609
719	-10.537361	13.176166	4.772877	6.375799	-10.576976	-9.347484	-9.403867	8.656632	-10.956043	-11.447723
720	-12.62507	14.406444	7.1006684	7.9252644	-12.252372	-11.58078	-11.066153	9.325561	-11.94944	-14.861151
721	-11.594803	13.530017	6.410566	7.3288	-11.661847	-9.743947	-10.777988	9.732496	-11.688885	-12.929333
722	-12.8494835	13.761077	6.89857	8.844072	-12.36167	-12.087014	-11.206948	9.555827	-12.603738	-14.268566
723	-12.156716	14.50995	6.369703	7.438688	-11.774115	-11.351305	-11.121957	9.483738	-11.5297785	-12.845041
724	-12.732219	13.011139	8.349022	9.288937	-12.46958	-11.655917	-12.840659	10.506012	-13.268614	-12.469256
725	-10.986328	8.508875	6.535661	4.9090567	-11.738562	-7.4154696	-8.035248	8.068234	-10.205272	-12.692999
726	-13.687462	15.389626	8.966674	8.817686	-14.761101	-15.228367	-13.633088	10.587039	-13.854109	-13.486488
727	-13.136054	14.708288	8.080778	8.536055	-11.816612	-10.783067	-10.568733	10.001375	-11.737197	-13.570504
728	-14.042114	15.8653555	8.057788	9.375911	-14.315161	-12.347061	-13.213419	10.311331	-14.174294	-13.813521
729	-12.938605	14.866615	8.978071	9.243091	-13.487567	-12.947849	-13.553921	10.852667	-13.189243	-13.888117
730	-12.647181	14.873976	8.9171915	8.393775	-14.110125	-12.839766	-13.100959	10.628291	-12.890727	-14.305593
731	-12.501676	15.576094	7.619422	9.070893	-13.355866	-12.087505	-11.865666	9.7404785	-12.789897	-13.205508
732	-11.340286	13.841263	6.9839	6.711896	-11.6181755	-8.855411	-9.493041	8.868141	-11.505429	-11.500914
733	-11.5935335	12.917281	6.9407945	6.7961407	-11.2164	-10.220781	-9.976321	8.744787	-10.920426	-13.169311
734	-11.724189	13.794489	6.5471153	6.9995055	-11.165	-9.773706	-9.840805	9.292914	-11.172899	-12.885249
735	-10.418138	11.161168	7.0083423	6.5832033	-10.805392	-7.8335347	-8.72026	8.1458	-10.412571	-12.467376
736	-11.523062	14.913119	7.944457	9.2578125	-13.024062	-11.254896	-12.113544	9.609841	-11.921599	-10.532561
737	-14.152469	14.847104	8.30494	9.438463	-13.626504	-12.38938	-13.397868	9.834471	-14.222277	-14.828579
738	-14.388863	17.124891	8.364349	10.211622	-13.961783	-12.873407	-13.843709	11.401387	-14.312993	-14.225463
739	-12.39545	14.369224	7.5697017	7.9966235	-12.195128	-10.48239	-10.708427	9.869161	-12.507398	-13.869472
740	-11.006647	12.667393	5.0084977	5.8888655	-10.982665	-10.2726965	-9.708238	8.709318	-10.616096	-12.505991
741	-13.800753	15.154828	7.496345	9.310249	-14.038982	-12.797349	-12.889299	10.652881	-13.6361265	-15.872987
742	-12.842353	15.44641	8.103935	7.6723757	-12.859242	-12.16179	-12.7123995	9.6389265	-12.981675	-12.60906
743	-14.468168	15.45182	8.027208	10.884021	-12.826628	-11.808971	-12.634551	10.201086	-13.548738	-14.125271
744	-13.722048	17.062698	8.810132	8.811519	-13.961065	-13.445988	-13.733674	10.585416	-13.91903	-14.861864
745	-12.0579	14.536304	6.59988	8.183471	-12.367361	-11.93963	-11.19267	8.749977	-11.591395	-13.997432
746	-13.188583	13.754925	7.6116056	8.976764	-12.548679	-12.153998	-11.50975	9.714832	-12.44083	-13.441943
747	-12.010047	13.697661	6.669239	8.071256	-11.412649	-10.712103	-10.351088	8.973459	-11.312971	-13.792433
748	-11.521398	14.834839	7.7678227	8.438853	-12.305297	-10.588939	-10.887012	9.356553	-12.188834	-14.01804
749	-12.540796	13.390944	6.9444656	7.902086	-11.681128	-11.178036	-10.975078	9.218215	-11.62643	-14.4101925
750	-13.862985	16.325867	7.999275	9.515216	-14.401598	-12.845971	-13.242584	10.814275	-14.447306	-14.30439
751	-11.657173	13.498072	6.7840323	7.2380075	-11.021359	-9.458486	-9.808786	9.507797	-11.101619	-12.010163
752	-12.235139	13.719889	8.345656	8.659099	-11.603399	-10.852037	-10.536995	9.181899	-11.783195	-14.327777
753	-12.074582	12.675316	6.8801513	8.4959955	-11.76653	-10.637862	-10.828115	8.994217	-11.715451	-13.130095
754	-12.458683	15.872832	7.545029	10.384838	-13.88725	-12.189267	-12.234565	9.675263	-12.719508	-12.163012
755	-15.633699	16.993263	9.428635	11.495378	-14.98053	-13.811102	-14.639562	11.5107155	-15.822571	-16.383018
756	-12.904105	13.962878	7.019921	7.0860524	-11.68283	-11.408195	-10.905291	9.527224	-11.824188	-14.281896
757	-12.682452	15.630619	8.617911	9.66379	-12.283295	-11.047374	-11.348049	10.098948	-12.793531	-13.042329
758	-13.931894	17.196476	7.0678344	9.726179	-14.007968	-13.416315	-12.926239	10.865796	-14.344344	-15.043391
759	-9.708215	11.624312	6.5358763	6.3815775	-10.2236595	-6.859522	-8.716249	8.441336	-10.681355	-10.611768
760	-12.566955	13.821995	7.962327	7.0032454	-12.126436	-10.161029	-10.425504	9.331302	-11.954344	-13.649976
761	-9.292567	12.603705	5.7301345	6.3001304	-9.938151	-7.198504	-8.600411	7.5526524	-10.168512	-9.292811
762	-13.981759	17.31372	8.242504	7.6405787	-14.289582	-12.025365	-12.989313	9.836169	-14.215567	-14.786329
763	-11.921688	14.965088	7.0129123	7.07694	-11.34953	-9.8935585	-10.452533	9.021022	-11.327247	-12.68761
764	-12.486026	15.717444	8.056646	9.104092	-12.688196	-11.755017	-12.080269	9.758481	-12.828296	-14.106726
765	-10.712023	13.156854	6.4683986	6.071324	-10.58346	-7.468653	-8.621465	8.453212	-10.407986	-9.929877
766	-11.954826	13.164923	8.290325	6.695783	-11.626888	-10.817763	-10.49398	9.213381	-11.497944	-12.608964
767	-14.370275	16.662474	8.872674	9.102617	-14.492835	-13.740589	-13.55799	10.664829	-14.256636	-13.653289
768	-13.395637	16.02737	8.374176	8.474778	-13.56007	-11.431384	-12.785735	10.020035	-13.921289	-15.9905615
769	-11.418807	13.221841	7.3098655	7.393435	-11.569404	-10.914312	-10.721655	9.409374	-12.089042	-12.483322
770	-12.64375	14.257903	7.1068377	7.7897654	-11.947622	-11.390649	-10.530648	9.665024	-11.895221	-12.606821
771	-10.9876375	14.11664	7.6852427	8.203928	-11.489963	-9.934209	-10.717872	8.977416	-11.387162	-13.7722225
772	-10.403715	12.518015	5.9157157	6.722605	-10.2034445	-7.927503	-8.769558	8.207815	-10.340409	-12.479295
773	-13.122806	14.160535	6.7066693	7.6597323	-12.174062	-10.623032	-11.079273	9.324259	-12.879164	-15.071532
774	-11.566524	14.000906	6.842477	7.0510836	-11.71777	-10.235252	-10.314906	8.878319	-11.753574	-14.032809
775	-12.137988	14.708086	7.413557	7.45903	-11.7871685	-9.917048	-10.762045	10.108228	-11.607145	-14.307833
776	-10.545706	12.329436	6.666583	6.5650506	-10.087992	-8.786309	-9.305589	8.274638	-10.130423	-13.113339
777	-12.682203	15.2365885	8.093127	8.894	-13.507992	-13.658314	-11.917367	8.904459	-12.24906	-11.840754
778	-10.831002	14.273544	7.1121182	7.0221505	-11.255205	-9.087559	-9.83447	8.7717285	-10.9110775	-12.116097
779	-12.024289	13.472631	7.3498	9.01839	-11.693803	-11.160111	-10.600874	9.178513	-11.823974	-13.942975
780	-12.043898	13.399466	7.2775626	7.936008	-11.873159	-11.194177	-11.011051	9.971374	-11.581625	-13.870492
781	-11.758446	14.504237	6.8828835	6.3607903	-11.730642	-10.636096	-10.453167	8.490381	-12.340279	-13.1638155
782	-13.078467	14.155213	7.6332917	8.49268	-13.223175	-11.4866905	-11.826137	10.344949	-13.485267	-14.349921
783	-11.653122	12.442972	7.048449	7.583499	-10.679729	-10.10245	-9.708922	8.783856	-11.38195	-13.211614
784	-12.192256	14.666061	6.949349	7.7783957	-11.240166	-10.072816	-10.490743	8.404173	-12.044122	-13.53957
785	-14.024357	15.909991	8.677348	10.325468	-14.498222	-13.682096	-13.308658	10.618115	-14.39119	-14.614533
786	-12.516034	17.27299	8.139347	9.080986	-12.589914	-11.298307	-12.002383	10.113313	-13.187696	-14.314154
787	-12.2355385	14.174663	7.0251284	7.203435	-11.219486	-10.611304	-9.974479	9.113031	-11.235523	-13.331214
788	-12.832292	15.009456	7.183548	7.871999	-12.712425	-9.934104	-10.798535	9.36067	-11.539508	-15.789432
789	-13.632005	15.811966	7.6482778	9.123056	-13.077422	-11.564193	-12.862073	10.254983	-13.081431	-15.00493
790	-11.644853	14.230279	6.3067713	8.795781	-11.579784	-10.280795	-10.438475	9.452619	-12.094282	-13.049513
791	-11.231405	14.031998	7.110424	8.061982	-11.910147	-12.795629	-11.877282	9.80021	-12.381713	-12.697151
792	-12.562084	15.631271	6.9115577	8.866882	-12.326319	-11.032273	-12.107014	10.139168	-12.458667	-14.308431
793	-12.23016	14.277204	7.148923	8.37324	-12.410127	-10.64151	-11.845571	9.588062	-13.023458	-14.269291
794	-12.907587	14.01291	7.0553584	9.073598	-12.27373	-10.396167	-11.114846	9.325093	-12.4951105	-14.208332
795	-12.15798	13.24212	6.441642	7.599922	-11.954294	-10.087776	-10.743432	8.650798	-12.032989	-14.253011
796	-12.695049	14.279785	6.188223	8.733724	-11.954018	-11.108052	-11.019427	9.694787	-12.226835	-14.18103
797	-11.953828	16.019434	6.354522	8.124127	-12.8238325	-11.35692	-11.170894	9.792962	-12.060707	-15.556982
798	-13.356361	14.329307	7.0495467	7.016861	-12.086597	-11.10997	-11.191597	9.436282	-12.0279045	-13.296411
799	-12.569207	13.297652	7.30398	8.444272	-11.987282	-11.376472	-10.793485	9.510315	-12.478766	-13.881251
800	-14.089249	16.443499	8.818288	8.895069	-15.542859	-15.171573	-14.087795	10.852079	-14.167089	-13.965628
801	-11.466409	15.6623125	6.3162174	6.7340198	-11.333452	-10.835261	-10.329628	8.8278265	-11.958186	-13.390071
802	-13.468221	16.86542	7.2851086	8.529847	-13.340734	-11.83525	-12.541214	9.754216	-12.657514	-13.74586
803	-14.201348	14.874402	7.979088	9.272016	-14.404142	-12.4535	-12.911152	10.458375	-13.867569	-13.397558
