0	29.098955	35.420113	19.963785	30.373072	24.140839	0.3911308	-2.234299	1.1172025	-7.9009337	18.669033
1	27.169867	33.3028	19.006388	27.410595	23.978432	-0.9321135	-2.1715558	1.5854893	-6.3651447	18.14153
2	25.222305	30.471949	17.611029	23.827324	22.81859	-2.0774808	-2.5588663	-0.6134709	-4.858914	17.310144
3	24.520351	30.042122	19.974129	20.855324	22.689802	-1.613657	-3.5044837	-2.5284095	-4.2504973	17.17094
4	25.617077	32.494167	19.159897	24.522228	25.7895	-0.5161808	-2.6297836	0.6455852	-7.768904	18.238224
5	29.700048	42.059536	22.747318	36.11979	32.695625	0.13690831	-4.042158	2.2346232	-8.213874	21.90728
6	41.456753	50.096184	22.919695	35.272076	33.3648	6.635968	-1.3139166	2.7437494	-10.266647	26.391665
7	36.484722	38.425606	16.236181	27.676008	23.928816	5.171932	0.61994195	-1.0557846	-8.721208	20.508413
8	29.141573	37.05456	20.821709	31.497046	25.855377	1.5360345	-2.3492858	0.90434223	-8.132502	18.936281
9	27.752977	35.29713	17.4774	29.957373	27.507023	0.6943529	-1.3963172	3.129375	-6.707415	18.04868
10	33.059887	41.980682	20.45874	34.717255	30.447767	3.5421817	-1.1928846	1.246413	-10.841843	22.560163
11	9.402906	22.180784	3.3913467	14.111537	40.873184	6.79183	-18.14347	-7.9311357	-1.7974813	14.438963
12	25.38678	30.861275	18.006	24.159857	22.27437	-1.7699176	-2.4511206	-0.525902	-4.9250402	17.659937
13	18.377266	25.263145	8.788606	19.08883	22.351868	-0.24627396	-7.724372	-6.459105	0.61234355	13.623712
14	37.382393	46.32872	20.864477	33.724644	30.600996	5.6348553	-2.438478	1.1291221	-10.148405	23.062845
15	26.43198	32.058674	16.829702	25.922487	25.481123	0.8150003	-2.7259295	0.09856444	-7.110921	18.081146
16	38.91555	44.244225	19.952631	32.955338	28.700567	5.1710134	-0.6170021	0.5396441	-10.52006	23.250683
17	39.45501	44.672047	21.007345	34.13478	28.197271	5.26262	-2.2293885	-1.0182923	-9.64071	23.87386
18	19.847622	25.673882	13.136656	19.715271	23.532297	-0.5583337	-6.3163066	-5.751077	-0.73492426	16.144777
19	25.671246	32.54912	17.692877	25.528383	22.5138	-1.7191173	-2.336342	1.6276673	-4.95981	17.178446
20	26.26247	32.155193	18.007925	27.082462	25.96661	0.026816027	-1.6863495	1.3933825	-6.3837824	17.276312
21	22.982523	29.683262	15.53064	22.46369	21.865696	-1.8460157	-4.868061	-1.8681519	-2.852801	16.364063
22	28.29948	36.758137	20.462145	31.47911	26.016527	1.985016	-3.575977	1.3453568	-7.7008247	18.765238
23	21.783602	18.629517	6.395392	27.98562	22.891348	-0.6820483	-4.866168	-1.0689719	-2.38474	18.704456
24	27.652433	33.185547	18.795176	26.24703	23.661184	-1.1077693	-1.9663874	1.0826185	-6.112119	18.135494
25	20.455164	21.790512	9.287681	16.345196	14.399161	2.7551398	-0.5928065	-0.27694526	-4.062123	11.527245
26	19.608295	25.170599	11.53792	19.91013	20.880177	-0.6606285	-6.86603	-5.473319	0.0133102015	13.910312
27	26.378262	37.9768	21.050701	26.342052	27.1447	-3.7050798	0.001514146	3.4758687	-4.114061	18.081928
28	20.340338	24.87441	12.554639	18.015993	19.637747	-0.86430424	-6.5979257	-6.5835314	0.64632225	13.481109
29	28.298323	36.581944	19.894745	30.642124	26.23306	0.9766888	-2.6573088	2.0090258	-7.3684793	18.863739
30	16.646444	19.436098	3.876361	15.820041	20.588488	3.205478	-11.662345	-11.806932	3.9699998	10.740874
31	28.467934	36.377483	19.58749	30.95802	25.104237	1.8506266	-2.3533108	1.4368902	-7.7484007	18.08183
32	27.665483	35.467625	18.891788	29.323391	25.303131	-0.187258	-2.2648838	1.7814944	-7.1605697	19.043625
33	27.909885	32.85148	16.155645	26.652681	26.485964	1.1950103	0.04076729	2.5630379	-10.389241	18.280275
34	29.27772	38.54853	18.059944	31.714203	21.675343	3.183673	-1.1939805	0.13871506	-6.316113	20.778484
35	21.513983	24.616888	11.103752	16.50963	21.31522	-0.056903817	-7.7334785	-9.202175	-1.2707816	15.322676
36	22.408802	27.239727	14.226999	20.408207	22.510502	-1.9216268	-5.722071	-4.580225	-1.8820162	16.11959
37	19.02989	25.181513	13.00467	19.243048	21.851952	-0.21341708	-6.9528003	-5.9967165	0.13931483	14.8999405
38	19.794178	25.157814	11.36576	17.205898	17.539228	-0.16518658	-6.13402	-7.2264175	8.813557	7.7052293
39	26.240124	30.144417	16.918903	24.29913	22.127092	-1.5424404	-2.7276192	0.71239203	-4.813847	16.778101
40	21.072397	25.691633	14.266148	19.192371	22.20396	-1.1292531	-6.416256	-6.428074	-1.4200624	15.817154
41	29.735374	39.331894	20.761917	32.686047	25.903698	1.0949026	-3.239727	2.9657629	-7.5231333	19.840223
42	14.140961	22.375443	4.0499415	18.068409	23.424599	2.9371057	-9.928192	-8.016584	4.7768273	11.524464
43	27.084162	33.417667	14.960275	31.885357	28.61595	0.9671417	-5.473778	1.2989644	-8.320749	18.85271
44	36.8078	44.194183	20.697338	33.42733	29.970749	4.8511214	-2.8689466	1.3751068	-10.116789	23.503239
45	26.620913	32.85751	19.168732	25.868464	25.223629	-1.8742493	-1.7740844	0.6587102	-5.826281	17.97845
46	28.27173	32.901054	19.576502	30.703001	23.435139	3.021853	-3.0352	1.7484885	-6.608216	18.454304
47	20.374401	27.212873	13.518013	19.491888	21.228645	-0.8326455	-6.3227797	-5.201374	-0.72741985	14.96976
48	24.186533	31.90221	16.573034	22.757473	22.495058	-1.4312656	-4.3610644	-0.20025063	-4.4451365	16.776949
49	19.525623	21.93326	8.984066	17.156649	21.725687	1.4484624	-8.800728	-8.74826	0.5130466	14.185353
50	22.24905	13.3095255	11.534611	14.41989	28.37835	3.528283	-6.0705867	-10.965551	-4.0907373	24.110836
51	32.411663	40.996033	22.158442	32.924103	27.766418	2.504015	-2.6695614	1.8832297	-8.869863	19.695374
52	36.2523	44.280273	22.297401	34.130116	30.47282	3.5029497	-3.5318434	0.5880578	-11.203549	23.37806
53	23.20379	28.978424	15.402029	21.900404	21.854303	-1.8798589	-3.9505813	-1.2066432	-3.3771615	15.913003
54	27.823696	32.319283	18.026371	28.226503	25.316368	-1.1009127	-2.0541878	0.8915732	-6.5387897	18.004036
55	28.221283	34.389263	18.733189	31.59269	24.94957	1.0246476	-0.630347	1.4706547	-7.6679068	19.770245
56	22.80489	28.940517	14.758971	21.775105	23.467165	0.027588576	-2.3983984	-3.601201	-2.8324013	14.85628
57	30.386171	37.356052	22.939178	30.733316	26.402748	2.0438054	-3.0302253	1.1383743	-8.314895	18.544462
58	31.313183	40.437878	24.904228	32.805923	30.923101	2.5125484	-1.085081	2.3734505	-9.189539	24.42136
59	22.833742	24.926218	10.277069	17.34697	14.724742	3.4138796	0.7782396	-1.7952403	-4.7393584	13.7043495
60	23.539143	28.765623	14.143685	24.26955	20.324537	-4.09918	-6.3819003	-0.6106855	-1.0588312	17.443516
61	25.013443	21.147429	6.843751	11.826739	20.803171	-0.2041581	-9.350472	-15.8825445	-0.2589603	13.612784
62	24.762922	30.236708	17.66105	23.36445	22.634905	-1.7609379	-2.7172105	-0.51799715	-5.182747	17.58787
63	24.107998	30.291021	16.393703	22.642797	22.837816	-1.9802566	-3.9328327	-0.9688221	-3.933447	17.20804
64	27.42426	34.636215	18.253487	27.545923	22.814432	-0.5390587	-2.3787665	1.7952484	-6.4815435	17.936565
65	20.254038	26.694124	12.548199	20.050053	22.582647	-0.5181351	-6.4177494	-4.791713	-0.6975835	15.15372
66	19.857714	20.729637	8.683993	14.724672	12.456599	3.0543118	-1.0813822	-1.9655263	-4.2977715	11.833128
67	26.098785	34.10381	16.794212	26.054607	22.23631	-3.0856493	-5.4934115	0.78084916	-5.4523354	18.57089
68	37.75157	44.89703	21.890156	35.21874	30.48827	4.9592376	-3.6148372	0.42662907	-9.965907	22.882505
69	28.458502	35.2201	19.38219	29.770584	24.247349	0.18029526	-1.8346626	2.07828	-7.487562	18.745028
70	13.924155	21.365204	3.6376877	16.797915	22.367496	6.1124535	-11.844432	-10.422309	5.4878864	9.743187
71	26.633026	32.45114	18.033367	25.763613	21.78997	-1.3803833	-1.666371	0.65833104	-5.8985085	17.330883
72	21.234938	27.42218	16.40331	20.762133	22.824331	-1.083224	-4.6092668	-3.854261	-2.8995686	17.595749
73	39.059654	44.332565	19.84538	33.673634	30.31565	5.229318	-0.7489482	0.92976564	-9.021821	23.256136
74	42.494156	45.395134	19.095968	34.309456	30.030811	5.79039	0.40200403	-1.0844024	-9.642956	24.525196
75	27.07792	31.192322	17.928637	25.185951	23.16529	-1.4998859	-2.6888428	0.3429619	-5.3909254	17.072708
76	16.165901	21.356276	1.9118292	17.389177	21.856081	3.0310767	-10.508451	-8.360471	3.4599562	9.4824
77	30.973633	38.401608	22.373146	31.557697	25.709475	1.4576389	-2.5527155	1.7907789	-8.08981	19.55632
78	23.080542	29.06967	15.070978	21.63319	22.20103	-1.3553542	-5.3905306	-3.0720909	-2.9825168	17.00926
79	20.490265	28.541727	13.545641	20.396187	23.011524	-1.0522026	-5.7243967	-3.5093186	-1.7276189	15.247301
80	20.412107	19.16977	9.097918	10.866615	21.911018	0.033026926	-8.8920965	-15.79046	0.81931067	12.095246
81	28.452532	34.892014	20.156822	29.064667	24.355206	-0.23303461	-1.9765605	2.0517209	-6.8409033	18.740566
82	19.137583	24.749052	11.15835	19.11316	21.143484	-0.055017456	-6.944807	-6.043023	0.48472923	13.937414
83	35.29664	43.28697	19.896534	32.235134	29.369894	5.000136	-3.332709	0.7129339	-9.406001	22.696901
84	27.237467	32.91633	18.722307	26.484163	24.201263	-0.5448649	-2.0688028	0.76237464	-6.8284383	17.876064
85	55.089283	59.73856	25.830181	42.675034	39.08362	8.62523	-9.42145	-1.8966035	-12.595012	32.997265
86	19.361618	26.592415	11.963372	19.84717	22.74594	-0.97763103	-6.326867	-4.8077416	-0.7905161	15.011138
87	1.9254626	8.2445755	-15.709121	10.958366	38.159122	25.623093	-33.431805	-22.122137	-8.769938	32.905003
88	36.464035	5.3247786	-6.738777	1.0202231	20.705158	-0.9670286	-7.6692095	-34.31314	-5.2098737	11.390181
89	26.356934	32.833755	18.27119	26.03758	22.642382	-1.3686897	-2.0759997	1.2124528	-5.5341964	17.399323
90	35.631046	42.20542	18.20699	38.98378	35.91605	2.2587037	-1.947259	3.4578505	-9.785516	20.194815
91	24.69299	26.006844	11.107914	18.952475	15.821675	3.6122148	1.7699635	0.2489484	-6.169559	13.908583
92	31.777216	37.9206	21.971605	33.877693	27.320002	2.7138982	-1.8788586	0.82765454	-7.7445693	18.949875
93	29.894035	30.97679	13.250227	22.888134	20.324484	4.6550007	1.1330415	-0.6012188	-6.1540666	17.235983
94	21.914898	23.016422	9.589374	16.987404	14.669617	3.171894	-0.79147464	1.2115415	-4.98404	12.710559
95	23.668537	24.79485	9.723671	17.715593	16.90227	4.014445	1.2431985	0.7671742	-4.8572316	13.417672
96	32.64925	37.923935	22.03839	34.31374	29.87897	1.5414941	-1.9914216	1.6196706	-10.595507	19.46398
97	27.517342	29.181196	11.969122	20.663944	18.912365	4.645676	0.9697355	-0.3297874	-5.9486384	16.019848
98	24.88288	30.517237	16.815733	23.39175	21.906109	-1.7957156	-3.5187206	-0.6838422	-4.86494	17.076197
99	39.173306	42.08559	17.981016	29.88716	27.509392	6.2779098	3.0604377	-1.1895689	-8.265458	21.51074
100	37.67924	38.817963	14.420469	28.498688	25.764496	6.0561485	4.415987	-1.0036966	-7.3181877	21.447237
101	28.111685	30.20893	12.269722	21.95013	19.813976	4.186211	1.508487	-0.7164892	-5.655854	16.067822
102	35.64168	43.893944	21.607826	33.9642	30.376595	4.320384	-3.4126396	1.6367843	-10.395144	23.307861
103	39.7647	41.26349	17.64852	29.650589	27.537468	5.422814	1.0544758	0.9376215	-9.263831	22.257559
104	36.89542	40.09978	18.009455	28.57555	26.409878	6.240218	-1.2469192	-0.829581	-8.161008	21.557997
105	30.294146	38.76471	20.668972	32.79008	32.56214	1.8956358	-8.000192	2.2314613	-9.344151	24.950113
106	31.817701	40.207436	22.458069	32.79229	27.221008	2.5934606	-2.7640946	2.2977579	-8.762058	20.736814
107	36.34493	43.91519	20.962193	33.43509	30.3225	5.808921	-3.9699326	0.095067814	-10.349526	23.256237
108	32.266552	40.22998	20.274387	32.09277	26.960197	3.092192	-2.6869123	2.2731524	-9.4010515	20.884377
109	27.83089	36.12083	19.749771	30.863695	25.575098	0.54917663	-3.5648293	1.0154276	-7.4867554	18.43095
110	20.716227	24.607306	6.8909554	15.141898	22.418331	-1.0135984	-8.193185	-9.648643	0.44559202	10.9994755
111	27.54681	34.19254	18.27362	29.10708	26.520517	0.38579124	-1.8929627	1.6407973	-7.2858806	18.350132
112	25.654413	31.20143	17.611555	24.478273	23.102951	-1.5544262	-3.1714697	-0.38492182	-5.049281	17.339237
113	35.839615	43.503834	20.160086	33.01287	28.515446	5.3240705	-1.4622548	0.14153557	-9.989001	23.021051
114	28.133469	35.08798	21.976103	25.066978	27.602152	2.5011044	0.32927963	2.0007806	-8.046273	20.839724
115	33.55958	41.0961	20.973854	32.243908	27.617743	3.893575	-2.844271	1.4693488	-9.458767	21.861204
116	24.682217	19.561323	8.435557	12.741976	21.359644	0.6376538	-10.576474	-15.63737	-1.2039771	14.547574
117	18.264505	24.114906	9.710888	18.812393	20.871592	0.39837718	-7.8088446	-6.4977503	1.4617915	13.500224
118	30.613434	38.010708	23.726852	32.337135	27.054422	0.9747279	-2.6873105	1.1248151	-7.9203777	19.753452
119	23.636526	28.877144	16.37907	22.502674	22.256735	-1.8448353	-3.8863099	-1.9596794	-3.4314141	17.128029
120	40.62912	45.6368	20.534906	33.08033	29.092995	5.5513954	0.20113216	-0.6290674	-9.474766	24.365908
121	38.4547	45.799385	21.53812	35.9937	29.759357	5.9061866	-1.9802833	0.49788085	-10.318292	23.158669
122	28.41519	34.475388	19.399103	27.423206	24.266548	-1.5564079	-2.416592	0.9696068	-6.64153	18.661438
123	27.344799	32.023827	17.18439	27.096191	22.677189	-0.00640662	1.8341557	3.3059049	-8.57887	17.480381
124	24.704756	30.560211	17.645222	23.647732	21.754772	-2.1857731	-2.872244	-0.36803886	-4.4423733	17.327568
125	34.013676	41.829117	24.246986	33.762432	28.213636	3.2569938	-3.3951657	1.7638342	-9.149785	21.30822
126	29.098217	37.068325	20.823784	31.206259	24.749172	1.765619	-1.5979062	1.8257209	-7.861627	19.372843
127	30.625595	38.343525	22.005045	32.945755	26.536118	2.390788	-2.6892931	2.2338316	-7.663926	18.821018
128	25.534996	26.558422	11.480485	19.035242	18.48517	3.9899983	0.19861461	-1.1770189	-6.004001	14.170125
129	34.365982	41.780285	19.257547	31.95685	27.090996	4.3462024	-2.8286998	1.5326972	-9.445497	22.079477
130	26.150639	32.01778	18.671915	25.478552	24.100704	-1.7235886	-2.2778482	1.0570033	-4.615762	17.199423
131	25.880108	30.731592	16.853695	24.517805	23.450317	-1.4481735	-2.4371367	0.6798218	-5.580438	16.909536
132	27.152973	26.80335	16.837019	27.158937	26.522568	-1.7802246	-0.9067605	0.40939307	-5.912884	18.608107
133	37.37932	40.150444	16.054817	27.717484	25.676031	6.228117	0.53051513	0.8948627	-8.389127	21.66197
134	27.942259	34.455906	18.652119	27.564829	23.91909	-0.21318847	-1.7504343	2.08738	-6.2362695	17.87282
135	37.98062	43.06275	19.770798	33.28435	28.255411	4.8839717	-0.33223903	0.84473497	-9.984001	23.451427
136	21.966827	27.026264	14.976647	20.025375	20.97038	-1.7576622	-5.0088935	-4.3292027	-1.9692961	15.631263
137	37.57238	45.21397	23.652693	35.426533	29.89132	4.648886	-2.8921432	0.8482427	-10.823634	23.96497
138	37.53405	45.55081	21.309444	33.77132	26.72699	4.897063	-1.3446257	1.6816611	-10.227551	23.999771
139	29.715197	38.108044	21.851015	32.087494	26.181387	1.7053704	-3.2673154	1.8516351	-7.860558	19.411533
140	21.76429	27.75913	14.669163	20.961206	21.429668	-1.7038361	-5.1790147	-3.1383593	-1.8006545	15.518136
141	22.789476	27.948132	14.757148	20.821922	22.343613	-1.6901494	-5.1301913	-2.8471017	-2.5220628	15.988143
142	29.948074	37.56133	22.133736	31.097605	24.994694	1.5319017	-2.2744114	1.4825927	-7.720602	18.33077
143	40.171993	44.0247	18.524826	32.20723	29.044296	5.8557105	-0.4931953	-0.4389963	-9.071534	24.063145
144	30.415062	31.107193	12.946875	23.549183	18.98738	4.5175447	1.6049603	-1.196126	-7.2306166	17.308247
145	42.615356	45.600937	19.567646	33.424473	29.698627	6.8479757	1.286971	-2.0225987	-9.520717	24.89134
146	27.710413	34.229286	18.612452	27.96367	24.323732	-0.8230936	-2.3215575	1.5759077	-6.4301085	18.065413
147	21.165873	27.91623	13.871754	20.015402	21.189089	-1.809537	-6.1188626	-4.5928416	-0.35135868	15.056778
148	22.119528	25.83821	8.663402	26.118502	26.636103	-1.1003479	-6.12108	-3.483697	-4.6182685	15.032574
149	34.92145	42.417183	21.198212	31.628246	28.235388	4.6920404	-3.730751	0.44485205	-9.268195	22.67341
150	22.414423	27.779148	13.473767	21.123905	21.381739	-1.9646592	-5.404505	-2.557467	-2.1694045	15.545105
151	43.71235	47.921936	20.78719	35.322685	31.52351	6.0083513	-0.8275113	0.26401228	-10.268612	25.929394
152	45.44498	56.38927	25.913183	35.883617	37.60585	7.943719	-3.8056226	1.4320966	-13.378963	26.964952
153	43.78485	43.466007	20.242243	32.395477	26.151957	6.97986	5.6507545	-0.5538565	-9.093993	28.2217
154	27.625683	33.77713	18.482256	27.542181	25.247583	-0.6183429	-2.1338599	1.5752684	-6.6026263	17.709452
155	26.48318	32.309685	18.191837	25.538282	24.998568	-1.8692408	-2.7306376	0.5120912	-5.5285497	17.37254
156	39.79141	45.85322	21.231627	34.60584	30.30196	5.47553	-2.7296154	0.9099142	-10.847822	24.037493
157	35.798115	43.11026	19.762405	32.744316	29.02944	4.958497	-5.419463	1.3655016	-10.248314	22.271584
158	35.34083	40.70649	18.040321	28.534155	25.284807	5.1363683	-0.603528	-0.8273488	-8.834891	21.884468
159	43.34798	46.98815	20.021818	33.96157	30.216953	6.1021566	1.4211146	-0.63128746	-10.216826	24.87614
160	32.88561	40.959484	20.522785	32.636726	28.354836	4.037592	-1.5631199	1.7222708	-8.516586	21.677353
161	30.453482	38.138264	20.859566	29.658358	24.169811	2.2240512	-3.5148075	1.950484	-8.408326	18.453281
162	17.094778	13.391017	10.827576	13.417518	42.71127	7.9697576	-3.4289775	-7.9158463	-7.5179176	23.654047
163	32.17498	40.091225	21.751616	32.779865	25.504793	2.6834693	-3.3200076	1.3974218	-8.836205	19.10554
164	20.053135	23.92602	10.816301	19.792833	21.220709	-2.7252347	-9.702712	-7.292686	-1.5193553	14.916264
165	26.401424	31.92937	17.460257	26.076866	23.05911	-0.8440366	-1.9819782	1.0562463	-6.132556	16.884
166	33.40043	42.37231	22.331142	32.735313	27.364502	2.8937895	-3.2303336	1.0799092	-8.539348	20.39258
167	26.49291	32.17852	17.18305	26.10841	23.2488	-1.6719515	-2.2528439	1.5742915	-4.916461	16.560427
168	28.508924	35.529034	19.702826	30.10229	23.610537	0.5154751	-1.5646158	1.8441833	-6.5773807	17.945934
169	19.213799	21.280762	3.7785575	17.750536	17.861868	6.141099	-6.3365555	-12.668451	1.4852319	8.5078
170	27.04835	33.527607	19.385008	26.664005	22.532448	-1.4387546	-1.2085484	1.6293601	-5.624176	17.708786
171	24.427902	30.668606	17.052439	23.714773	21.731266	-2.2137017	-2.5671742	-0.018517736	-3.8631785	17.10929
172	28.816412	36.70332	21.362427	30.828108	24.509737	1.5237608	-2.6717064	1.267286	-7.4272265	18.155367
173	18.16395	23.784376	7.008733	18.456825	19.328089	0.9310356	-9.223262	-6.636748	2.2091904	11.180313
174	23.877539	29.792503	14.52641	22.71427	22.042711	-2.0379345	-3.8139002	-1.4154307	-3.339323	15.536776
175	25.80714	31.150885	17.216654	25.268492	24.354893	-1.6500486	-2.2477238	0.3378579	-4.8695006	16.682665
176	24.792225	32.811504	17.174751	31.102695	27.74487	-0.12294041	2.0477872	4.2145963	-7.498044	21.4551
177	26.429813	32.294025	16.755217	25.066319	23.70755	-1.91594	-2.9746823	0.7340227	-4.4079933	16.54295
178	15.284742	21.96459	-3.0014925	18.845953	20.877428	5.2114415	-12.732059	-9.732972	7.1401706	6.6546044
179	32.8342	15.705113	-18.363008	-4.6305995	30.610407	7.116255	-18.241262	-33.517452	5.033611	-1.2461466
180	10.492284	30.498663	-21.70846	23.907799	16.64807	6.6728	-16.176332	-4.3498244	14.340194	-3.3152182
181	23.508142	28.993212	15.764992	22.512287	21.563345	-2.1371875	-4.3265505	-1.8635845	-3.0559711	16.346006
182	27.34269	33.365868	18.436163	28.03335	25.546848	-0.35140947	-1.7415199	1.3378872	-6.497997	17.673805
183	23.857012	29.398489	15.52524	22.890104	20.77948	-1.9777095	-3.9204638	-0.35781226	-3.0967085	15.593651
184	37.88617	42.47759	18.38513	31.856083	28.970482	4.835287	-0.9978986	-0.4499881	-9.105426	22.098768
185	23.427553	28.32932	14.045667	21.938982	21.802717	-1.7739387	-5.312653	-2.20751	-2.3590646	15.637038
186	27.995447	35.57057	19.406702	30.935747	22.364552	1.2102603	-2.1430385	1.5036572	-6.8481674	17.893131
187	27.401682	34.03669	18.336002	28.631721	23.381426	-0.6852193	-1.280322	1.8946933	-6.21457	17.214355
188	26.813179	32.29002	18.203295	25.7156	24.592922	-1.9092339	-2.849811	0.12062969	-5.2174954	17.445887
189	38.558712	43.664425	19.495022	32.408318	28.23067	5.2210126	-0.6231901	-0.03472403	-9.733894	23.16426
190	37.61421	43.784416	19.973856	33.18916	28.011774	5.1882033	-2.1610641	0.43957576	-9.730134	23.027773
191	20.36278	21.666	9.521272	15.738588	12.90431	3.024463	-0.785943	0.3721307	-4.4976864	11.771134
192	9.007615	21.19161	-16.844849	20.589272	23.535944	11.808661	-12.54076	-5.915675	8.328692	1.3726462
193	23.180784	29.233164	15.556537	22.571724	22.122282	-1.8560983	-3.4074764	-0.92953515	-3.9375114	16.55004
194	23.487713	30.020626	16.685093	23.24974	21.175362	-2.1673837	-3.4312565	-0.6424519	-2.9454246	16.223112
195	28.891668	36.286034	20.384453	29.733175	23.704466	0.4423749	-1.4441981	1.191384	-7.0455446	17.425179
196	43.651047	45.98648	20.500492	34.160236	28.964567	6.240563	2.1415997	-2.082971	-9.054599	24.933783
197	26.979597	32.781563	18.192953	25.825535	22.032516	-1.5491354	-1.7371699	1.8568997	-4.7736936	16.79957
198	27.749805	34.320404	18.910679	28.559464	23.382235	-0.16149831	-1.2502209	1.9731684	-6.726603	17.947552
199	27.575237	34.394897	17.424	28.833237	27.071585	2.7059858	-2.1894116	1.5269532	-7.3005	16.57622
200	29.218151	34.84001	14.940272	31.697063	29.106438	2.637006	-1.2038713	1.4421823	-8.785953	16.045046
201	18.834517	23.702906	9.939811	18.495937	19.710993	-0.1933156	-6.9120755	-5.6227617	0.20389608	13.407767
202	20.380596	25.380325	8.595704	19.116453	20.12312	0.06819968	-7.939095	-4.8675685	0.55045706	12.249438
203	23.570015	29.183846	14.336327	21.618792	18.947426	-2.5786471	-4.604852	-1.5260386	-1.6690706	14.6642065
204	23.390688	30.249937	20.53175	25.495855	17.824114	0.16368008	-2.8186467	-1.9273809	-3.1735141	18.52771
205	25.995924	31.753033	19.392847	28.086733	26.486498	-0.42160618	0.1747787	1.1099792	-7.180916	18.17799
206	43.08484	45.204174	20.696035	32.225307	30.354858	5.013735	5.008611	-1.4432337	-10.43645	24.87531
207	23.80138	28.998547	15.323426	21.946285	21.619135	-1.778039	-3.7571511	-1.514863	-3.066456	15.715996
208	22.93767	28.343151	14.385184	21.057924	21.376476	-1.876615	-4.9052677	-2.7730944	-2.4970949	15.458113
209	26.29231	34.766758	11.7603655	24.147793	24.953148	-1.552832	-4.643209	1.779323	-5.6512566	15.061241
210	19.988447	26.258297	12.664991	20.188879	22.038069	-0.8759506	-5.9202967	-4.1791987	-0.9794394	14.643979
211	34.33973	45.728214	23.932652	34.269024	32.657333	4.497918	-4.266559	0.18231401	-9.864972	23.075615
212	28.465506	29.504967	16.646025	24.632	25.370966	-3.322383	0.86271244	1.4870814	-7.8587537	18.915379
213	40.19134	43.478558	18.73054	32.634724	27.202354	5.956777	-0.19743809	-0.90069157	-8.8027115	23.098427
214	26.853596	33.23764	18.04719	28.239008	22.821745	-0.556434	-1.110945	1.8511095	-5.516905	16.871635
215	26.092758	29.599953	16.231422	25.037521	23.942915	-1.172019	-3.191687	0.5591295	-3.2861738	17.753319
216	27.785006	33.621666	18.322664	29.400335	23.579924	-0.14718094	-1.66841	1.8083704	-6.453082	17.38561
217	24.007515	27.378677	13.766628	21.602192	18.719185	-0.43985006	-3.827801	-2.2152503	-3.534402	16.820507
218	31.743092	40.190937	21.400885	32.125168	27.37519	2.9500237	-2.63959	2.1615481	-8.443255	20.437454
219	20.542847	25.85061	10.507669	18.346123	19.023756	-1.6821362	-8.341441	-6.4966784	1.4784869	12.761725
220	24.914686	31.36718	17.534225	25.681414	22.878727	-1.546534	-1.9643614	0.42999402	-4.386717	16.867655
221	47.92367	56.605885	21.93465	41.365364	40.892204	6.9311185	-6.911968	2.4188662	-13.798188	31.601665
222	24.39803	30.176346	16.513897	23.592829	21.512474	-2.101846	-3.7390778	-0.584034	-3.81037	16.920599
223	27.977629	34.00114	18.47624	29.35998	24.729385	-0.17770886	-1.6696146	1.6666056	-6.7786016	17.460827
224	23.224794	29.234354	15.810555	22.27711	21.534592	-2.1037707	-3.8721538	-1.4793525	-3.070358	16.409218
225	21.342503	26.505816	13.656552	20.35534	21.550436	-1.6611758	-5.7908874	-4.391631	-1.0012316	14.677112
226	21.019924	27.627918	13.264224	21.13509	21.133053	-1.3174204	-5.380286	-3.2826505	-1.284796	14.930533
227	21.837898	26.768097	13.330016	20.813995	21.982334	-1.5076647	-5.583347	-3.5975585	-2.0815365	15.303966
228	43.264614	46.433662	19.474	34.006966	30.659883	6.550834	-4.1308713	-0.09354656	-10.925445	25.499975
229	29.116137	33.379	22.763443	29.352348	26.107252	-1.2770241	0.73842907	-0.32523692	-7.5116825	17.926514
230	27.23161	33.18974	18.388275	27.27361	23.034828	-1.0765749	-1.7752577	1.1719757	-6.1587315	17.476501
231	19.253935	20.251019	-3.8047345	18.822908	21.174059	4.897132	-12.470137	-9.629614	5.3794665	9.409122
232	25.355747	28.716784	11.80932	23.519426	22.459864	-2.5250728	-4.2352033	-0.66460454	-4.489251	16.020233
233	33.406242	42.79325	26.072353	34.6796	27.074259	3.0476074	-1.8411552	-0.28237426	-8.753827	20.59442
234	18.549427	23.83232	9.641095	19.59047	20.985825	0.16652656	-8.176117	-6.245195	1.7860558	12.410387
235	32.345856	41.370102	23.107357	34.19253	26.5207	2.3166466	-2.9308422	1.9076979	-8.3559475	19.754057
236	22.134396	26.676008	2.7259767	24.584084	25.795229	-6.8211093	-7.089708	-0.9609425	1.7874932	11.841247
237	18.872381	23.868845	5.6230707	18.645668	20.882544	1.4471838	-9.117883	-5.5603504	2.1753643	11.49402
238	23.44817	30.239067	15.968962	23.037033	21.886127	-1.6744052	-4.3304553	-1.6699175	-2.8803089	16.228209
239	21.981121	28.386545	10.3986	24.539423	29.89326	-0.71581805	-8.218505	-1.6695087	-3.464873	13.667181
240	30.974197	34.098293	22.20672	26.747612	24.492632	0.9475119	1.3060188	1.785526	-7.0016875	17.637459
241	26.577991	31.945194	18.787449	25.819145	25.248632	-1.4035513	-2.2343905	0.376448	-5.850587	17.41756
242	26.23213	30.068542	17.6945	25.055782	20.91468	-1.2751086	0.7157598	0.8876492	-2.2733076	13.17785
243	26.523643	32.9224	18.677416	26.591816	24.660038	-1.6225926	-1.7629265	1.0045288	-5.760927	16.857016
244	33.602642	41.35744	22.366068	33.571873	27.016985	3.4912734	-2.657389	1.0133406	-9.137046	21.148382
245	17.17511	20.330969	6.1860967	17.41991	21.281519	3.5016139	-8.864053	-8.806098	2.2893217	11.448167
246	30.584995	38.169846	21.097258	32.381676	27.296907	1.3101207	-2.5616353	1.3323618	-7.8802834	18.066696
247	28.186703	29.218843	11.749818	20.898193	18.19969	4.393085	0.51333684	-1.3249989	-6.003576	15.9216175
248	21.27616	28.249485	16.509163	15.515606	24.462194	1.2879101	-6.726046	-8.722632	-2.832668	13.375164
249	20.647144	28.211277	11.674383	21.228876	19.57375	-1.3832631	-6.40868	-3.739167	-0.9434916	13.46477
250	26.924074	31.743082	16.285208	23.697588	20.45013	-0.4946501	-1.0093762	0.30336106	-5.0901423	14.5179405
251	26.266712	31.407633	17.192995	25.136604	21.286343	-1.8829584	-2.7969153	0.7623088	-4.5388646	16.23501
252	27.735401	33.840565	18.128017	27.97789	23.388004	0.05615264	-0.6925359	1.6332722	-6.200488	16.428328
253	18.826382	25.18767	10.283326	19.972565	21.712524	-1.0187999	-6.633607	-5.1096125	-0.41644552	13.157765
254	6.6743093	12.91975	-15.65251	9.946307	39.983135	21.62798	-27.763435	-33.492207	14.895935	-6.696575
255	27.014162	29.04767	15.904893	26.640142	26.881313	-0.6970554	-0.25511205	1.0144397	-7.309561	16.274584
256	32.91632	41.765903	20.394522	32.240475	27.584568	3.6127963	-1.3156714	1.9016613	-9.030987	22.473022
257	26.870451	32.36926	18.726456	26.371107	21.966492	-1.6207736	-2.1279457	1.1661507	-4.6832013	16.836998
258	28.200434	34.960224	18.735512	29.101606	23.128181	0.33553532	-0.74678665	2.5214107	-6.7290645	17.446112
259	27.085974	31.179533	16.829594	24.9363	21.504604	-0.7558824	-3.3524585	1.1841422	-3.7729053	14.576335
260	27.242544	33.960182	17.7508	28.418907	23.331816	-0.14873761	-2.0087976	2.3479903	-6.3793416	17.611557
261	28.41757	36.940197	19.548222	30.553164	26.127855	0.8240701	-2.2615895	3.0108607	-6.7142696	17.461548
262	19.708952	24.615496	12.525889	18.845673	21.492067	-0.88276905	-7.139002	-8.140394	0.13552567	14.523339
263	35.812725	43.86283	21.059967	32.965202	29.105705	5.1229434	-1.8498849	0.91783106	-9.571005	22.765966
264	22.954115	28.857397	13.812905	22.331223	20.734581	-1.8578526	-4.113356	-0.8223207	-2.904797	15.207056
265	26.733944	32.408085	17.217737	25.674046	22.741673	-1.5097119	-2.4078424	1.1827085	-5.315246	16.813164
266	38.91018	47.33292	22.323118	36.592148	30.326937	5.4380493	-4.5450063	1.4671245	-10.590124	23.993
267	51.375652	56.708046	21.137794	43.64621	40.470448	8.470625	-0.6300067	-0.846989	-11.855121	29.131887
268	26.312096	32.214504	17.170582	26.18395	22.401213	-1.2732074	-2.1114867	1.5651078	-4.988859	16.752188
269	21.847137	23.076166	10.141335	16.492699	13.7532625	3.0752747	1.0203625	0.50478137	-3.6849456	12.750868
270	44.52088	48.33647	22.257484	38.274933	30.778618	6.3272157	-2.0560079	0.18096788	-10.877438	25.613472
271	42.46027	47.207466	19.369053	32.994427	30.489286	7.0098133	0.17133625	-0.9137628	-10.194779	23.801369
272	26.97243	33.23375	18.47007	28.326212	24.532915	-0.13174576	-1.0037707	1.445055	-6.504399	17.186142
273	33.982788	41.913895	20.268637	32.429928	27.151426	4.666204	-1.4693736	1.0459307	-9.119441	21.667927
274	43.162693	48.10646	20.29313	35.518967	29.280209	6.190297	0.22541398	-0.64614147	-9.748638	25.065292
275	26.383028	34.347885	14.8187	36.030773	25.393763	-0.9577086	-2.1717916	3.3094106	-6.9608316	18.764664
276	50.743954	59.706787	24.145527	39.366184	35.392586	8.20172	-2.5432532	0.38905066	-10.324938	31.094645
277	31.686214	34.332726	13.18972	23.720472	22.246447	5.6396565	3.4066908	2.4827588	-7.6760216	18.609377
278	25.395168	31.269638	16.701275	24.554132	23.455673	-2.0891054	-2.9841828	0.35923132	-4.302067	16.668957
279	20.645277	25.198841	12.4513	18.795712	21.544538	-0.96690917	-8.054859	-6.190238	-1.0836238	14.793954
280	26.72547	33.22683	18.482973	27.478098	23.23706	-0.7437312	-1.9961286	1.4017591	-5.989531	17.531221
281	28.017822	32.30046	19.138403	25.917274	26.213186	0.30855334	-0.26177734	0.2604701	-8.328481	16.61995
282	40.035316	43.922928	19.172937	32.738758	28.322514	5.4706416	0.16575432	-0.15141943	-9.598785	23.224943
283	26.463608	31.635849	13.067664	25.136097	25.517406	1.0904145	-1.690631	1.7829397	-6.3048463	15.68592
284	19.500023	23.008171	10.978942	17.397102	18.67526	-1.1468582	-9.478433	-9.672039	2.585604	12.230597
285	36.27254	43.62005	20.77663	32.759434	28.653866	5.0940857	-3.2148793	1.3899392	-9.568224	21.987902
286	30.389984	38.649586	21.41637	32.448437	26.498526	1.916124	-4.085712	1.0154794	-8.642556	19.022846
287	41.6234	48.188576	21.929249	37.065437	30.973047	6.0675144	-3.115061	0.7626683	-11.502318	24.998262
288	27.078226	32.9997	18.608795	26.836084	21.542006	-1.0248703	-1.4944912	1.0281746	-5.943787	17.445827
289	37.303787	41.403755	17.19741	30.06376	24.96324	5.8031163	0.1467912	0.08154039	-8.392361	21.609892
290	20.681412	26.158775	10.398522	20.313343	20.12786	-0.091149636	-6.823019	-4.19334	-0.26249096	13.258483
291	25.711012	32.30387	15.132707	27.081917	26.868956	1.5082731	-0.12700516	2.2936854	-6.0027785	15.656066
292	26.2224	31.614826	17.260256	25.50821	22.977753	-1.364848	-2.040701	1.4218313	-5.0690575	16.613428
293	23.48213	29.073618	15.004625	22.800386	21.898165	-1.9565578	-3.3864298	-0.6708611	-3.3343747	15.672223
294	36.78039	45.5265	21.784113	34.790318	30.580904	5.046255	-4.2331595	1.5109203	-10.316874	23.692728
295	27.432556	34.070553	18.008305	28.51472	25.021053	-0.06869212	-1.6666651	2.4468937	-6.286668	17.410986
296	28.939138	33.551624	17.263317	27.452063	42.22687	0.2365801	1.0313355	3.4617507	-8.569317	16.373907
297	19.666239	25.600578	7.7774725	20.455347	19.265154	1.1678854	-9.778044	-6.150233	1.8302802	11.457642
298	24.32298	29.421356	15.01084	22.52726	21.308475	-1.8144649	-4.3105016	-0.9962141	-3.3022292	15.88317
299	37.402676	44.492683	23.066483	33.9297	29.854052	4.9484954	-3.930059	0.938099	-10.0905695	22.278227
300	24.82141	32.703323	15.367851	23.263723	22.00963	-1.9677578	-3.4706466	0.03026653	-5.379202	15.56792
301	27.594093	35.837387	16.537172	25.552485	26.226994	2.7987366	0.60249215	2.50891	-6.83896	16.021675
302	22.58053	30.1227	16.636755	22.938898	19.611616	-2.138611	-5.061474	-2.1972177	-1.9782346	16.379322
303	46.707363	54.215435	22.159756	36.9671	32.757168	9.053984	1.5373577	-0.3876837	-9.616209	26.260138
304	25.875578	31.533806	17.086996	24.553738	22.354496	-1.7010436	-2.5934749	0.33277017	-4.9434347	16.710104
305	25.747454	32.342216	17.703901	26.115366	20.234568	-1.8545612	-2.1571953	1.1910473	-4.578597	17.272158
306	25.598804	31.320707	17.161777	24.706337	21.94942	-1.949817	-2.4359553	0.57682073	-4.3886743	16.651762
307	26.696651	32.597103	17.025269	28.141537	21.777533	-1.938271	-1.3933905	2.4177406	-4.4878297	16.159311
308	19.551905	22.808586	5.0692525	19.124273	20.930641	1.3778644	-10.312283	-8.459679	1.7251323	8.360836
309	26.944525	32.58601	17.780739	25.955267	22.116247	-1.6411463	-2.3508768	1.1924505	-4.9846115	17.147001
310	37.293114	43.764267	20.055593	33.59887	29.18108	5.704315	-2.5651112	0.9671252	-10.160938	23.07484
311	24.24309	29.806353	16.7752	23.080643	21.844732	-2.3197472	-3.1231568	-0.53822726	-3.8312738	16.89466
312	39.17884	46.851223	25.238121	30.1622	35.32346	6.4226656	2.659568	2.9739926	-9.633708	27.534847
313	27.496284	34.936253	15.57671	26.586348	21.298666	-2.893022	0.6970563	3.7450945	-3.868026	15.435858
314	35.804848	43.304153	20.00381	32.38547	28.492893	5.613868	-4.2790117	0.98470545	-9.839216	22.424803
315	23.530785	30.643366	16.102308	23.451252	22.432087	-1.9291466	-3.1717143	-0.56249326	-3.8282282	17.014666
316	29.211588	37.16437	20.668047	30.753101	26.229961	1.4238085	-2.6990407	1.6951281	-7.479629	18.019276
317	40.162544	45.492165	20.113695	33.95959	28.16535	5.647973	-1.1641998	0.09292913	-9.743086	23.346786
318	25.127478	30.45186	18.499525	23.413092	21.975931	0.9336848	0.9398714	-1.6637918	-3.206661	12.394998
319	20.653088	24.737526	11.044996	17.802172	18.305529	-0.5761448	-7.191109	-7.006886	1.7314862	12.20257
320	22.944944	29.76253	15.082246	22.15771	21.654516	-1.2607471	-4.241799	-1.1355163	-3.3167531	16.086317
321	21.214434	25.107172	9.021265	19.68341	19.796192	0.9261071	-8.306768	-6.369441	0.785262	12.259275
322	29.11586	37.237206	20.149681	31.029087	26.13751	1.8490881	-2.8082616	1.7389644	-7.6459556	17.647963
323	22.360498	27.122665	12.384465	20.631779	19.934404	-2.0333276	-5.858523	-2.8966277	-1.858906	13.9422
324	38.830055	43.961666	20.267248	33.47493	30.223299	5.6920457	-2.9567242	0.510813	-9.407993	23.138702
325	28.482334	35.599865	17.234976	31.06643	27.727062	0.766944	0.20245259	4.0979824	-7.4308414	19.638966
326	33.3901	40.886948	22.079094	32.053047	27.367678	3.6116867	-3.1543803	1.7107677	-9.319277	21.236052
327	39.27097	46.867607	21.12502	35.11431	30.89648	5.6339626	-1.7828653	1.3064009	-10.700187	24.155895
328	36.868305	42.973186	19.316769	32.61652	29.515984	5.5787597	-1.038957	0.6020795	-9.676786	22.789097
329	36.496845	43.391052	19.950914	33.23557	29.157963	5.014699	-2.2830348	1.0640234	-9.9992	22.643665
330	20.379663	25.44422	0.5289054	17.897997	15.3885	2.615467	-11.843673	-7.8697386	4.515588	7.164653
331	26.700787	32.760292	17.405447	27.501415	23.980143	-0.59709126	-2.2180607	1.3199571	-5.770909	16.744411
332	24.515398	30.573969	18.410175	24.728136	20.949776	-1.7384404	-2.2630107	-0.1958471	-4.192267	17.80154
333	15.694923	23.889877	-0.43774945	20.041262	18.028097	8.218567	-8.335724	-6.0638785	2.1696458	4.8868437
334	33.02359	42.17085	23.59816	35.365776	28.347034	2.2529984	-3.737867	1.3999124	-8.927244	20.554102
335	27.438719	33.8791	19.777973	29.934917	23.582842	0.070938155	-1.5809615	1.4833117	-6.4577966	18.102667
336	39.539555	46.098457	21.220243	36.232956	28.946436	5.134196	-1.5976024	1.2473329	-10.870163	23.392706
337	26.127579	32.27167	17.678532	25.337748	23.78277	-1.79885	-2.7341359	0.2940741	-4.540975	17.147814
338	26.73137	35.833183	18.09935	25.882519	24.90816	1.3569186	-2.9141333	2.2667298	-6.043597	18.029842
339	22.166256	28.572435	14.438492	21.634697	20.69521	-2.157086	-4.4607024	-2.1379886	-2.1539886	14.937219
340	25.929956	31.21015	17.476011	24.806692	22.704218	-1.7491742	-2.0563395	0.49119297	-4.755172	16.714766
341	25.622074	32.29722	18.651258	26.119843	19.629105	-1.7265172	-0.73125255	1.4608335	-4.5928297	17.9705
342	20.583416	27.018358	12.351564	20.654354	19.793304	-1.5758096	-5.522868	-3.3984778	-0.28401268	13.4072695
343	22.753206	28.071833	13.403452	20.961546	21.522884	-2.193277	-5.541541	-2.8501432	-1.6831632	14.654334
344	18.700224	30.18227	6.5391536	21.8869	19.717834	-4.909791	-5.546897	-3.1815927	-3.6504889	12.485071
345	62.491707	55.431423	-14.872255	57.31632	39.888508	23.016369	-1.6185318	-20.64596	-21.745468	3.803051
346	29.26659	36.065685	20.218348	30.500746	25.132683	0.2803925	-1.9220763	1.8611131	-7.1903796	18.383215
347	15.861677	6.634077	16.44631	22.250648	23.627726	9.659666	-2.6057057	-15.634286	5.4127536	14.736246
348	28.22062	36.65004	18.765541	27.829927	22.69545	1.8203456	4.628062	3.8597848	-7.361979	16.717278
349	42.821053	46.657284	20.359798	34.145435	30.243328	6.224293	-0.22773132	-0.3838114	-10.40264	24.526472
350	23.799932	29.40519	16.248825	23.399027	20.991245	-1.8922856	-2.9426904	0.16602245	-3.155734	16.255327
351	28.770031	35.89231	20.22167	26.448658	25.686756	-0.43281773	-0.21484473	0.8893839	-7.366764	16.549566
352	22.339735	29.203356	12.0625305	22.233927	20.207146	-1.7863381	-5.776799	-2.1352565	-0.39339134	13.528399
353	23.865814	25.49256	10.717358	18.081316	16.915215	3.9953287	0.46679416	-0.21428517	-4.907637	13.478461
354	22.378836	28.616474	13.936461	21.816793	19.911798	-1.7632166	-4.9433517	-1.7259988	-1.3440604	14.338039
355	47.445152	50.562275	21.218418	36.046173	32.206886	7.48794	0.2188903	-1.4758908	-10.125624	26.184305
356	29.156916	37.250652	20.709291	30.504345	24.54406	1.2248815	-1.1791598	2.2153203	-7.174325	17.78419
357	29.611834	38.111862	20.689617	31.509247	24.61018	1.2734618	-2.5440147	1.5741822	-7.5673466	18.009144
358	23.27032	28.90761	13.877262	22.082266	20.644007	-1.7409294	-4.613047	-1.2218726	-2.1888602	14.85778
359	28.766787	34.221313	20.16147	30.345846	23.013502	-1.3887928	-1.7883006	0.6658504	-7.1395526	17.723068
360	43.145004	46.07867	19.588158	33.784706	30.273819	6.5073752	2.311658	-0.5587489	-9.802614	25.380823
361	41.589523	44.338062	19.599487	31.695305	29.400385	6.543676	2.3068686	-0.0573368	-10.079265	24.743628
362	44.397156	48.513607	21.772108	35.265327	30.621546	6.406492	0.6940212	-2.52534	-10.515436	25.422915
363	27.320206	33.21609	18.182547	27.587894	22.521381	-0.60247135	-1.5095712	1.4981174	-6.0022035	17.155617
364	29.519033	35.413162	18.149588	25.577244	23.724838	4.756002	-0.06437927	2.1929066	-9.896999	14.521058
365	41.34053	46.610752	21.274574	35.425606	30.026455	5.842405	-2.3814359	0.699324	-10.395567	24.062344
366	39.8146	42.196095	17.961102	30.829626	28.548037	6.1139603	1.0165019	-0.8920913	-9.07711	22.518667
367	40.808975	45.223804	19.649195	33.577606	29.957056	5.963364	-0.27990082	-0.35351214	-10.038509	24.287231
368	34.870956	36.190693	14.779055	25.786303	23.808893	5.5512247	-0.5801258	4.1062927	-7.1256886	20.654367
369	26.995941	34.804543	15.561497	30.218346	23.008142	0.5951428	-2.0709555	2.8728209	-7.3195834	15.823029
370	27.27489	33.84961	18.032928	28.656649	20.587418	-0.5284968	-1.6627804	2.001403	-6.426661	18.024801
371	17.445192	21.717255	4.649864	18.244585	19.26672	2.557174	-10.411861	-8.399725	2.6846497	10.847968
372	29.20698	36.225597	19.044214	30.618368	23.519999	0.39586258	-0.73450905	3.310069	-6.0152974	17.973053
373	27.252546	33.17803	18.272907	26.524479	23.82201	-1.1332855	-1.6274956	1.7225221	-5.654396	17.172659
374	20.85559	21.988396	-3.4491076	15.4976635	18.669455	4.315658	-13.341359	-10.103008	3.0611448	7.910797
375	19.857002	26.149244	8.099511	19.55901	20.494587	-0.17502818	-7.9812484	-4.780918	0.5411404	11.914401
376	29.00829	31.342041	16.335754	27.18554	31.039635	0.066055864	2.4250634	2.662952	-8.915846	17.160166
377	32.30798	41.017796	21.86853	33.20394	27.33194	3.3108292	-2.8600776	2.178197	-8.393995	20.237053
378	42.693554	47.752766	22.32917	36.65299	30.394438	6.4805603	-3.1133974	-0.96361345	-10.889442	26.693583
379	24.324553	29.699188	15.539068	23.12113	21.213757	-2.331254	-3.7042186	0.2485824	-3.607466	16.057104
380	22.901829	27.30567	11.353679	19.199444	17.865677	-1.2637004	-7.606803	-5.167846	0.19707456	12.330171
381	21.933357	26.609503	20.810719	23.506744	16.705088	-0.5330539	-2.523699	-4.8973985	5.258533	14.8515625
382	27.4203	34.79598	18.737442	29.788223	22.420694	0.374705	-1.7150545	1.8494623	-6.804556	18.015495
383	23.71132	29.196999	15.768986	22.580101	21.592897	-1.9114574	-3.6154668	-0.79872245	-3.3602147	16.279963
384	43.86893	47.76482	21.571777	34.76573	29.755117	6.8376117	-0.010267592	-0.91442704	-9.943283	24.858242
385	29.046217	37.471947	20.61524	30.994	24.830976	1.5578765	-1.9558879	2.4397323	-7.292859	17.69632
386	24.100178	30.205843	16.12756	23.590784	21.46964	-1.725602	-2.589246	0.32863784	-3.7927828	16.175207
387	27.512173	33.85172	18.18844	28.347624	22.84955	-0.05281955	-1.3477381	2.5723639	-6.138216	17.554365
388	29.809452	38.349155	21.633986	29.216526	25.290968	1.4009405	-0.571714	1.2133236	-7.6372566	17.712639
389	27.55595	33.70592	18.456675	28.258879	23.513353	0.013702707	-1.2932246	1.2922109	-6.3482623	16.560577
390	40.761055	44.79131	19.169477	33.38194	29.293758	5.3130913	2.1557899	0.20900513	-9.90688	23.428991
391	28.45166	36.88297	20.442678	31.939953	23.726534	2.2272246	-2.094635	0.5514238	-7.0059285	17.718298
392	34.073807	47.128834	24.247292	31.039253	30.720404	3.279534	-3.0598698	2.010614	-9.117413	22.284077
393	19.490303	26.676178	7.688553	19.422293	20.405085	0.8475667	-8.263045	-6.1523366	1.211008	11.697434
394	32.54144	40.547916	24.23236	34.564884	28.509146	2.1603818	-3.564614	0.549485	-9.562388	20.428629
395	26.412928	31.687399	17.616177	25.341805	22.492874	-1.1134299	-2.1413555	0.99792	-5.4468822	17.11253
396	27.027016	33.4436	18.282188	27.420177	23.217598	-0.53451264	-1.8224813	1.816716	-5.6917987	17.176214
397	22.753708	28.523943	15.677464	21.999844	21.734915	-2.0252864	-4.136901	-1.7953312	-2.6964262	16.3396
398	23.56357	29.65542	15.102851	22.6201	21.256409	-2.002641	-4.292209	-0.7836182	-2.7556975	15.629475
399	29.96565	38.260372	20.80704	32.010452	25.850649	1.889316	-2.73869	1.3939707	-7.992068	18.48987
400	24.552887	30.037842	15.181841	23.20068	21.454468	-2.0290058	-4.0054994	-0.124024875	-3.3954186	15.951944
401	18.55135	24.959301	9.582213	20.209654	21.822477	0.16886804	-7.412884	-5.3003983	0.7381497	13.264014
402	30.50651	39.901554	23.798187	32.447803	25.495916	2.160297	-2.5188231	0.48397568	-8.096823	18.517313
403	28.502422	33.117134	19.486145	31.688223	25.785198	0.6955067	-1.1017747	1.190171	-6.328789	18.004755
404	30.989775	40.095078	22.336502	33.037605	26.23663	1.6694734	-2.6029577	1.9793503	-8.496107	19.684065
405	22.186504	27.861273	11.590891	20.870914	19.405464	-1.501253	-6.107592	-2.4910839	-0.99402183	13.503213
406	27.644814	34.059265	17.422068	28.152529	25.4749	-0.11920125	-1.8829083	1.9292319	-6.7037582	17.649242
407	25.69637	31.963037	19.126013	24.417385	23.586828	-1.8277334	-1.7427268	-0.06463263	-5.091888	17.761635
408	23.945503	29.873085	16.332785	23.017202	21.96908	-2.1748328	-3.0939722	-0.7616193	-3.5513809	16.520296
409	27.495605	33.821186	18.366192	27.688997	24.658073	-0.08420659	-1.0842243	1.6841083	-6.367848	17.228807
410	28.231281	35.942204	19.158907	29.891674	26.716906	1.3149804	-2.5353355	1.4546134	-7.732513	17.926012
411	22.412014	24.008059	8.466996	14.015542	19.214947	-0.20138893	-9.825048	-12.413916	0.6963542	13.1288
412	31.171753	37.394257	20.587742	29.457928	23.779663	2.1168613	0.16984555	1.2771932	-8.309922	15.737451
413	25.675797	32.135536	17.666918	25.099419	22.92222	-2.2162478	-2.4031012	0.1150443	-4.66746	16.88322
414	29.57624	37.418736	21.131035	32.086163	25.53727	1.4227806	-2.1128662	1.6292461	-7.8060803	18.297709
415	24.158438	31.829062	8.509714	25.924793	10.785151	-1.4797995	-7.2144933	4.312627	5.5613313	11.502399
416	22.59164	29.235397	15.055577	22.156214	21.647875	-1.9676296	-4.87445	-2.4362926	-2.1769652	15.6940975
417	20.903028	23.058054	7.9196467	16.259527	15.705343	-1.4175608	-9.641488	-12.969366	3.3851428	10.140499
418	26.382454	32.66083	17.94716	26.216925	21.912405	-1.4556952	-2.0326927	1.7496327	-5.32344	17.448761
419	24.204006	29.656681	15.242445	22.76841	20.701525	-2.0782764	-4.0311337	-1.1294991	-3.0179777	15.59777
420	27.74294	34.07223	19.04563	27.896133	25.511227	-0.018849377	-1.2218145	1.6755927	-7.0082674	18.241808
421	25.74169	30.656427	16.712854	24.257942	22.6904	-1.5274634	-2.5533245	0.5757418	-4.8743553	16.287281
422	28.541685	36.182335	18.98572	30.40251	24.940737	1.6481061	-2.0357397	1.9776196	-7.7117047	17.636219
423	35.461014	40.602253	16.754923	35.46245	34.994568	3.169719	-1.0526044	4.492195	-10.959183	21.510847
424	27.874058	34.525684	19.212826	30.141283	25.306894	0.57071745	-2.170755	2.6165297	-6.050825	17.794092
425	43.186398	47.644855	20.600378	35.020676	30.188929	7.1663666	2.5102046	-0.8704249	-10.037745	25.347929
426	42.296406	48.768074	21.312246	36.66423	32.132534	6.5579596	-0.4483839	-0.550812	-10.230598	25.694916
427	36.247635	38.457855	16.187134	27.615965	23.764456	5.561225	2.2462022	-1.8989546	-7.4142766	20.914764
428	43.685497	46.78001	20.153961	34.308975	30.751862	6.238995	1.3730123	-0.5791697	-9.464568	25.1385
429	24.665174	33.57958	17.746435	25.227396	20.587364	-1.5470505	-2.6741025	1.1219815	-4.190732	15.922064
430	25.714798	31.172928	16.77246	25.259548	22.531387	-1.1835245	-1.8858489	0.96787137	-5.339639	16.180664
431	27.959547	35.78316	18.834187	30.200178	23.58689	0.92739767	-1.5001271	1.9979045	-7.1286063	17.512098
432	21.838112	28.247276	13.395091	20.941114	20.793667	-1.7526124	-5.019598	-3.0647376	-1.5464181	14.813901
433	21.683851	24.43356	10.419344	17.633955	19.700888	-0.9101735	-6.9194584	-7.8460374	0.72467256	12.508796
434	27.41885	33.9648	17.921629	28.45421	22.045095	0.001298025	-1.1168243	2.4916565	-6.4353814	17.281073
435	11.828626	19.247284	-17.640179	16.73924	21.213318	11.374097	-15.349084	-10.621436	10.219766	-2.660206
436	28.726057	32.974182	19.462286	29.973377	24.508001	-2.9965563	-1.4572403	0.025065616	-8.779484	17.215946
437	21.926416	27.50264	10.115552	20.12731	19.91845	-0.80048954	-6.9086723	-3.5760334	-0.5891862	12.846894
438	331.04507	352.7602	111.245735	250.47502	-66.46832	-42.265144	-10.151157	39.587204	1.8345344	73.03361
439	38.580544	44.44515	20.285276	34.934612	30.072912	5.1262655	-1.4589912	0.5405749	-9.993609	22.513105
440	27.423204	34.536076	18.511206	29.471777	24.766647	0.3776127	-1.5412031	2.4153059	-6.6191773	17.516916
441	28.360981	31.11264	13.095112	21.950768	19.079859	4.598057	1.0977403	-0.07940355	-6.1378613	16.482653
