-7.477610111236572266e+00 -1.105036449432373047e+01
-9.152010917663574219e+00 -1.993561148643493652e+00
-6.205676555633544922e+00 1.029898262023925781e+01
-6.656179904937744141e+00 1.380045509338378906e+01
-1.063105010986328125e+01 1.410931587219238281e+00
1.289744973182678223e+00 -2.041113471984863281e+01
5.801299095153808594e+00 -3.469606781005859375e+01
8.148616790771484375e+00 -2.351995277404785156e+01
-6.219237327575683594e+00 -1.543333530426025391e+01
-1.161254119873046875e+01 -1.004407119750976562e+01
1.086468219757080078e+00 -2.355766677856445312e+01
4.271694183349609375e+00 3.373754119873046875e+01
-6.569223403930664062e+00 1.007364273071289062e+01
4.318190097808837891e+00 2.963846015930175781e+01
3.374302148818969727e+00 -2.981984138488769531e+01
-1.121829891204833984e+01 3.725402653217315674e-01
5.845087528228759766e+00 -2.849975395202636719e+01
5.594774246215820312e+00 -2.983131408691406250e+01
2.093198537826538086e+00 2.668869400024414062e+01
-5.588319778442382812e+00 4.451457977294921875e+00
-1.121711158752441406e+01 -6.935129165649414062e-01
-2.958531856536865234e+00 1.847206687927246094e+01
-7.004082202911376953e+00 -1.499186897277832031e+01
4.886543273925781250e+00 2.168543624877929688e+01
-8.939024925231933594e+00 -3.831998705863952637e-01
6.692005157470703125e+00 1.479435825347900391e+01
3.772917032241821289e+00 2.764415168762207031e+01
-1.245580482482910156e+01 -5.015235424041748047e+00
4.992092132568359375e+00 2.767052841186523438e+01
-7.593990802764892578e+00 -1.350068092346191406e+01
6.676369667053222656e+00 3.327594757080078125e+01
-7.211023807525634766e+00 -1.339456462860107422e+01
-8.942611694335937500e+00 -9.223020553588867188e+00
-1.292362880706787109e+01 -2.282522439956665039e+00
-8.737391471862792969e+00 -1.545976161956787109e+01
2.923023700714111328e+00 2.976899147033691406e+01
1.456650495529174805e+00 2.256891059875488281e+01
2.887096643447875977e+00 2.737092590332031250e+01
7.663644313812255859e+00 2.795790290832519531e+01
-5.896770954132080078e+00 8.494093894958496094e+00
1.542911291122436523e+00 2.679527282714843750e+01
-5.324210643768310547e+00 -1.798291397094726562e+01
5.727756023406982422e+00 3.324737930297851562e+01
-1.162936305999755859e+01 -1.160751247406005859e+01
2.867334842681884766e+00 -2.834547233581542969e+01
-9.653257369995117188e+00 1.885478854179382324e+00
-8.442171096801757812e+00 -1.031659793853759766e+01
1.692276239395141602e+00 2.554993629455566406e+01
-4.101138591766357422e+00 1.219440555572509766e+01
4.713663578033447266e+00 3.104830360412597656e+01
2.583411693572998047e+00 3.218666839599609375e+01
-1.715855598449707031e+00 -2.078452110290527344e+01
1.676020145416259766e+00 -2.907644081115722656e+01
-2.182376861572265625e+00 1.787054443359375000e+01
-1.044215679168701172e+01 -2.539460659027099609e+00
-9.565174102783203125e+00 -1.083026790618896484e+01
3.922704607248306274e-02 1.844713020324707031e+01
-4.086445331573486328e+00 -1.626896095275878906e+01
8.960623145103454590e-01 -2.145909500122070312e+01
6.412017822265625000e+00 1.388809585571289062e+01
-4.007160663604736328e+00 1.960081863403320312e+01
9.166171073913574219e+00 3.072348785400390625e+01
-5.979032993316650391e+00 1.093670177459716797e+01
-5.106722354888916016e+00 1.444248104095458984e+01
-8.112369537353515625e+00 -3.131049871444702148e+00
2.252696752548217773e+00 2.587677001953125000e+01
6.904140949249267578e+00 1.507299327850341797e+01
-4.656318664550781250e+00 4.993625164031982422e+00
2.756734848022460938e+00 -2.998416709899902344e+01
-8.026435852050781250e+00 -9.559176445007324219e+00
6.021407127380371094e+00 3.378586578369140625e+01
-6.262875556945800781e+00 2.806648969650268555e+00
1.171783089637756348e+00 2.051959228515625000e+01
5.405925273895263672e+00 -2.908113479614257812e+01
8.194805145263671875e+00 -3.132290458679199219e+01
-7.543086051940917969e+00 5.336231708526611328e+00
6.455090045928955078e+00 3.347365188598632812e+01
-3.976235866546630859e+00 -1.709859848022460938e+01
-4.100880920886993408e-01 1.962592697143554688e+01
1.788787841796875000e+00 2.355551147460937500e+01
9.116137504577636719e+00 3.101056098937988281e+01
-8.254754066467285156e+00 -8.847484588623046875e+00
4.045082092285156250e+00 2.839635467529296875e+01
2.373710870742797852e+00 -2.634115600585937500e+01
-9.600626945495605469e+00 -6.756255626678466797e-01
8.024955749511718750e+00 -3.724774551391601562e+01
2.587843418121337891e+00 2.618908309936523438e+01
4.006714820861816406e+00 3.431426620483398438e+01
4.858978748321533203e+00 3.651972579956054688e+01
-6.499258041381835938e+00 2.787233352661132812e+00
-1.228944540023803711e+00 -2.724756431579589844e+01
5.926184654235839844e+00 1.322335052490234375e+01
-2.898529767990112305e+00 -1.832501792907714844e+01
4.666944026947021484e+00 1.038448715209960938e+01
6.342451095581054688e+00 1.446728992462158203e+01
6.056546211242675781e+00 1.372115802764892578e+01
-1.484434247016906738e+00 -1.889643859863281250e+01
4.995115280151367188e+00 1.135985374450683594e+01
-5.091519355773925781e+00 1.212620639801025391e+01
8.091947555541992188e+00 -2.583553695678710938e+01
8.776198387145996094e+00 -2.415093994140625000e+01
4.796263217926025391e+00 1.092343235015869141e+01
1.742789387702941895e+00 -2.840818786621093750e+01
7.675744533538818359e+00 -2.574450683593750000e+01
7.437025547027587891e+00 -2.421652793884277344e+01
1.768988370895385742e+00 -2.044898033142089844e+01
-2.170515775680541992e+00 -2.057143974304199219e+01
2.285905838012695312e+00 -2.819342613220214844e+01
-2.092730283737182617e+00 -2.204999351501464844e+01
-8.163796424865722656e+00 -1.343593597412109375e+01
7.406459331512451172e+00 3.063013076782226562e+01
-1.082872676849365234e+01 -8.571981430053710938e+00
-6.987161159515380859e+00 8.933541297912597656e+00
3.639657258987426758e+00 -2.675984764099121094e+01
-1.314812564849853516e+01 -6.511671543121337891e+00
-8.495816588401794434e-01 -2.283715438842773438e+01
9.185576438903808594e+00 3.077803802490234375e+01
4.707524776458740234e+00 2.966987800598144531e+01
-3.350681304931640625e+00 -1.751445579528808594e+01
-4.415685176849365234e+00 1.692033195495605469e+01
7.439771175384521484e+00 -3.025128364562988281e+01
3.946040153503417969e+00 -3.079037666320800781e+01
-1.086613368988037109e+01 -4.226213455200195312e+00
-5.781698703765869141e+00 -2.987706422805786133e+00
-5.880781650543212891e+00 1.166987800598144531e+01
-2.609314024448394775e-01 -2.101153564453125000e+01
-5.722523689270019531e+00 -1.455992603302001953e+01
-4.031970024108886719e+00 -1.790198898315429688e+01
5.628070354461669922e+00 1.271150875091552734e+01
1.074450984597206116e-01 -2.422445678710937500e+01
-8.787943840026855469e+00 4.455905914306640625e+00
-7.318168163299560547e+00 7.638867378234863281e+00
-1.276187133789062500e+01 2.896667957305908203e+00
8.012335777282714844e+00 -2.410548210144042969e+01
-8.945256233215332031e+00 -4.387169361114501953e+00
5.400628089904785156e+00 -2.764726066589355469e+01
1.086825847625732422e+00 2.238496208190917969e+01
2.464399576187133789e+00 -3.066733551025390625e+01
4.660923480987548828e+00 -2.835438346862792969e+01
-4.681665420532226562e+00 -1.696247863769531250e+01
3.969798386096954346e-01 2.204895973205566406e+01
1.395298242568969727e-01 2.093767738342285156e+01
-4.921403408050537109e+00 -1.541463851928710938e+01
7.375446796417236328e+00 -2.874067878723144531e+01
4.657085895538330078e+00 1.032784175872802734e+01
8.831264495849609375e+00 -3.138044929504394531e+01
-9.733491897583007812e+00 -4.237908363342285156e+00
1.347335338592529297e+00 2.445446968078613281e+01
4.346346855163574219e+00 2.164991378784179688e+01
1.481014728546142578e+00 -2.550934982299804688e+01
-2.755824327468872070e-01 2.203051185607910156e+01
7.403101921081542969e+00 -3.351382446289062500e+01
7.432178974151611328e+00 -3.626548385620117188e+01
1.040408515930175781e+01 -3.062492370605468750e+01
-1.031322383880615234e+01 -3.734482526779174805e+00
-9.465782165527343750e+00 3.156979799270629883e+00
4.582983016967773438e+00 -3.134616088867187500e+01
1.513118028640747070e+00 -2.674401473999023438e+01
7.420402050018310547e+00 -2.396093940734863281e+01
8.613967895507812500e+00 -3.231982040405273438e+01
-4.062435030937194824e-01 -2.279838180541992188e+01
-4.397808551788330078e+00 -1.471813869476318359e+01
2.499098300933837891e+00 3.240502929687500000e+01
-2.995265007019042969e+00 -1.998505020141601562e+01
2.635203123092651367e+00 2.893282890319824219e+01
-7.134902954101562500e+00 3.734069347381591797e+00
-1.006312489509582520e+00 -2.142497062683105469e+01
-6.707171916961669922e+00 4.384452342987060547e+00
-7.193731307983398438e+00 -9.795097351074218750e+00
7.601327896118164062e+00 3.290459823608398438e+01
-6.859866619110107422e+00 -3.606066480278968811e-02
-5.421855449676513672e+00 1.252994060516357422e+01
-6.035641670227050781e+00 -1.414765262603759766e+01
6.190224170684814453e+00 3.108789443969726562e+01
-1.496529459953308105e+00 1.697226524353027344e+01
-8.163187026977539062e+00 6.808772087097167969e+00
-1.285482501983642578e+01 -9.840535163879394531e+00
-7.728938579559326172e+00 6.144469738006591797e+00
6.846917629241943359e+00 3.469738769531250000e+01
5.097607135772705078e+00 3.651146316528320312e+01
7.721372604370117188e+00 3.628427124023437500e+01
-3.206110000610351562e+00 1.799227714538574219e+01
-1.035793399810791016e+01 -3.335877656936645508e+00
-2.634694814682006836e+00 1.604257965087890625e+01
5.984307289123535156e+00 -2.671332931518554688e+01
-9.172827601432800293e-01 2.053625869750976562e+01
-6.732944488525390625e+00 -9.283093452453613281e+00
-7.833250045776367188e+00 -4.476540565490722656e+00
-9.286976814270019531e+00 3.528616189956665039e+00
6.099274635314941406e+00 -2.783380317687988281e+01
4.340634822845458984e+00 -2.767242240905761719e+01
6.746300220489501953e+00 1.486237239837646484e+01
7.439493179321289062e+00 3.617164611816406250e+01
-3.762763023376464844e+00 1.634346008300781250e+01
-3.868992090225219727e+00 1.531396293640136719e+01
-6.642159461975097656e+00 -1.082898902893066406e+01
9.506114006042480469e+00 -3.211255264282226562e+01
-5.281490802764892578e+00 2.819309473037719727e+00
-7.964333534240722656e+00 -5.464189052581787109e+00
-1.160313606262207031e+01 -9.006711959838867188e+00
-1.209490871429443359e+01 -1.120390415191650391e+01
4.869896411895751953e+00 2.868071174621582031e+01
5.536016941070556641e+00 2.910102272033691406e+01
-2.565370082855224609e+00 2.165583992004394531e+01
-7.611050605773925781e+00 1.196650505065917969e+01
-1.130874919891357422e+01 -1.707099556922912598e+00
9.942376136779785156e+00 -3.123452949523925781e+01
-1.836891889572143555e+00 1.776863670349121094e+01
-5.369395613670349121e-01 2.116576766967773438e+01
-1.989753127098083496e+00 6.219419479370117188e+00
2.239820241928100586e+00 2.541312789916992188e+01
8.245931863784790039e-01 -2.965926742553710938e+01
-1.260958671569824219e+01 3.165507793426513672e+00
7.374567508697509766e+00 -2.792453575134277344e+01
-6.914782524108886719e+00 -2.595455169677734375e+00
-8.344840049743652344e+00 8.567537307739257812e+00
-8.003980636596679688e+00 -5.698452949523925781e+00
-3.154655694961547852e+00 2.072975921630859375e+01
-2.461767435073852539e+00 -2.110913467407226562e+01
5.853336334228515625e+00 2.800464057922363281e+01
-6.727219581604003906e+00 6.696560859680175781e+00
7.827994346618652344e+00 -3.681145095825195312e+01
-4.246411800384521484e+00 1.373937320709228516e+01
-9.067172050476074219e+00 -6.215272903442382812e+00
-3.231066942214965820e+00 1.750724411010742188e+01
1.502739429473876953e+00 2.445523452758789062e+01
5.415574312210083008e-01 2.363901519775390625e+01
9.707474708557128906e-01 2.318509292602539062e+01
6.441814422607421875e+00 -3.267999649047851562e+01
-1.169759464263916016e+01 -7.018774032592773438e+00
-7.609385490417480469e+00 -1.148346662521362305e+00
6.840699195861816406e+00 3.454253387451171875e+01
-4.742295742034912109e-01 1.612537193298339844e+01
-8.715671300888061523e-02 -1.991107559204101562e+01
4.998949050903320312e+00 2.990102577209472656e+01
-1.527185440063476562e+00 -2.020134925842285156e+01
4.883617401123046875e+00 2.347308158874511719e+01
5.991498470306396484e+00 3.138163948059082031e+01
-3.790579795837402344e+00 1.735258293151855469e+01
4.179713249206542969e+00 2.159551239013671875e+01
-1.242738056182861328e+01 -6.587174415588378906e+00
-9.770432472229003906e+00 2.439255952835083008e+00
-2.817027091979980469e+00 8.461461067199707031e+00
-9.165506362915039062e+00 1.126763939857482910e+00
-7.858607172966003418e-01 -2.168251609802246094e+01
6.315774917602539062e+00 3.254689025878906250e+01
-5.006115913391113281e+00 -1.717019462585449219e+01
4.982965946197509766e+00 1.134296417236328125e+01
7.633542418479919434e-01 2.760850524902343750e+01
-1.661462336778640747e-01 2.508910369873046875e+01
-3.757362365722656250e+00 7.844880104064941406e+00
-5.068414688110351562e+00 7.096976757049560547e+00
-7.386962890625000000e+00 -3.552750349044799805e+00
4.082512855529785156e+00 2.808042907714843750e+01
6.078192710876464844e+00 3.635070037841796875e+01
-1.277978134155273438e+01 2.635787963867187500e+00
-3.741057813167572021e-01 -2.318710517883300781e+01
-5.454128742218017578e+00 2.558372259140014648e+00
-7.320880889892578125e+00 -6.620044231414794922e+00
-4.286556720733642578e+00 7.378518581390380859e+00
-7.518269062042236328e+00 -4.597669124603271484e+00
-7.070988655090332031e+00 -1.284460067749023438e+01
3.064549446105957031e+00 2.842074203491210938e+01
2.984902858734130859e+00 -2.717566680908203125e+01
-2.375033855438232422e+00 1.987732315063476562e+01
-6.388731956481933594e+00 4.321964740753173828e+00
3.411154508590698242e+00 -3.184385299682617188e+01
8.518743515014648438e+00 -3.667869949340820312e+01
-5.976872444152832031e+00 4.078991413116455078e+00
6.635042190551757812e+00 1.435852622985839844e+01
6.921045303344726562e+00 -3.435912704467773438e+01
8.021726608276367188e+00 -3.186495780944824219e+01
-9.188721656799316406e+00 -3.417150735855102539e+00
-1.576014459133148193e-01 -2.366707992553710938e+01
8.081647872924804688e+00 -3.304510116577148438e+01
-1.079648494720458984e+01 -1.152248954772949219e+01
7.950450420379638672e+00 -3.672547912597656250e+01
4.546374320983886719e+00 9.380847930908203125e+00
-7.264949798583984375e+00 8.043374061584472656e+00
2.595619678497314453e+00 2.783632087707519531e+01
-7.902275562286376953e+00 -1.549131035804748535e+00
-1.212500000000000000e+01 -1.717106699943542480e+00
7.016712665557861328e+00 -2.859673881530761719e+01
-1.322275066375732422e+01 8.210615515708923340e-01
7.355918407440185547e+00 2.917550277709960938e+01
2.433072090148925781e+00 -2.705545806884765625e+01
-4.520549297332763672e+00 -1.785708808898925781e+01
5.815354824066162109e+00 -3.350601577758789062e+01
-6.275080680847167969e+00 8.938130736351013184e-01
7.659229755401611328e+00 -2.459083175659179688e+01
4.268847942352294922e+00 2.676849365234375000e+01
-1.322363376617431641e+01 6.037991046905517578e-01
-6.415776252746582031e+00 5.341344833374023438e+00
-1.960718512535095215e+00 1.637893867492675781e+01
2.183342933654785156e+00 -2.987369537353515625e+01
-9.473954200744628906e+00 -5.265044689178466797e+00
-2.908208608627319336e+00 -6.362995147705078125e+00
6.041995048522949219e+00 3.034474754333496094e+01
-2.161923646926879883e+00 1.681651306152343750e+01
2.142654180526733398e+00 -2.941485023498535156e+01
-3.735109806060791016e+00 1.118070125579833984e+01
-1.407354736328125000e+01 -3.636070728302001953e+00
-4.693113803863525391e+00 1.887343215942382812e+01
8.222218513488769531e+00 -3.532272338867187500e+01
-6.212674140930175781e+00 7.533799648284912109e+00
-3.952566623687744141e+00 3.621505975723266602e+00
-5.760578155517578125e+00 7.590729713439941406e+00
-4.485432147979736328e+00 9.799097180366516113e-01
6.800553798675537109e+00 3.204330062866210938e+01
-5.691843986511230469e+00 3.508070468902587891e+00
3.591536283493041992e+00 -2.801105880737304688e+01
-4.467075824737548828e+00 1.414023780822753906e+01
4.936295986175537109e+00 -3.492873382568359375e+01
-4.067345142364501953e+00 7.697399854660034180e-01
1.978226423263549805e+00 -2.655037498474121094e+01
-4.671410083770751953e+00 1.376716995239257812e+01
-6.506887912750244141e+00 -1.454465675354003906e+01
6.280738353729248047e+00 -2.981434822082519531e+01
-2.710323572158813477e+00 8.586554527282714844e+00
6.328156471252441406e+00 2.812966156005859375e+01
-2.497273921966552734e+00 1.785644721984863281e+01
6.002169132232666016e+00 2.930372619628906250e+01
-6.765914916992187500e+00 -1.432027149200439453e+01
-3.592567741870880127e-01 2.397972488403320312e+01
4.035311222076416016e+00 -2.900725746154785156e+01
-1.202923774719238281e+01 -1.019481945037841797e+01
-1.221853375434875488e+00 -2.211425590515136719e+01
4.499654769897460938e+00 -3.173566627502441406e+01
4.524650573730468750e+00 -2.691158866882324219e+01
3.310828208923339844e+00 -2.730634498596191406e+01
7.770140171051025391e+00 3.389268112182617188e+01
-8.334823608398437500e+00 -1.139751911163330078e+00
-7.017935752868652344e+00 1.141763782501220703e+01
7.899624824523925781e+00 3.443168640136718750e+01
-3.106610774993896484e-01 -2.051711082458496094e+01
-8.069776535034179688e+00 -7.707983970642089844e+00
4.552875995635986328e+00 -3.110009384155273438e+01
-8.163413047790527344e+00 5.611215114593505859e+00
-1.195749855041503906e+01 -3.738035202026367188e+00
-1.411764025688171387e+00 2.135760688781738281e+01
-6.532399177551269531e+00 7.122484207153320312e+00
-3.709795475006103516e+00 3.131511688232421875e+00
3.247936666011810303e-01 2.498244667053222656e+01
-3.653897047042846680e-01 2.253784179687500000e+01
-9.820243120193481445e-01 2.586868286132812500e+01
9.474649429321289062e+00 -3.640186309814453125e+01
-6.882666587829589844e+00 -1.199169731140136719e+01
9.363481521606445312e+00 3.266759109497070312e+01
-1.483174991607666016e+01 -5.666891098022460938e+00
7.733192443847656250e+00 -3.229487228393554688e+01
-3.260325908660888672e+00 1.471364784240722656e+01
-1.219118213653564453e+01 -5.601831912994384766e+00
-1.502813458442687988e+00 2.389646911621093750e+01
6.020854473114013672e+00 1.349443912506103516e+01
-1.799526214599609375e+00 2.215097999572753906e+01
8.400136947631835938e+00 -3.480180740356445312e+01
-5.759891510009765625e+00 -1.309960460662841797e+01
-5.458881378173828125e+00 -1.497994613647460938e+01
-2.109962940216064453e+00 2.067059707641601562e+01
-9.035050392150878906e+00 -7.744239807128906250e+00
9.106161117553710938e+00 -3.183780288696289062e+01
8.917752265930175781e+00 -3.020688819885253906e+01
8.590466499328613281e+00 -3.379203796386718750e+01
-7.028653144836425781e+00 -1.889770030975341797e+00
-1.439002609252929688e+01 -3.726029634475708008e+00
5.407648086547851562e+00 -3.216982269287109375e+01
7.665196895599365234e+00 -2.664564132690429688e+01
7.330515861511230469e+00 -3.052109146118164062e+01
8.389439582824707031e+00 -2.256722259521484375e+01
-6.138979911804199219e+00 -5.809143066406250000e+00
-5.531351566314697266e+00 -4.048416614532470703e+00
6.635381221771240234e+00 3.257292556762695312e+01
-6.048638343811035156e+00 -9.873898506164550781e+00
-8.157261848449707031e+00 -3.414037227630615234e-01
7.243402481079101562e+00 3.439327621459960938e+01
5.553895473480224609e+00 2.940257644653320312e+01
-3.104329347610473633e+00 -6.146031379699707031e+00
-1.755957126617431641e+00 -2.121785926818847656e+01
6.479602336883544922e+00 -3.376589584350585938e+01
-2.747568130493164062e+00 1.508081912994384766e+01
5.413061618804931641e+00 2.629175186157226562e+01
-5.562520503997802734e+00 2.026837730407714844e+01
-7.035135746002197266e+00 -7.519232749938964844e+00
-3.263866186141967773e+00 1.635192298889160156e+01
8.203909873962402344e+00 -3.326173782348632812e+01
-5.912465572357177734e+00 -1.368826198577880859e+01
-3.422323226928710938e+00 1.384841060638427734e+01
-7.027332782745361328e+00 -4.360471725463867188e+00
-4.637541770935058594e+00 -1.336690521240234375e+01
-7.912229537963867188e+00 -3.754620313644409180e+00
8.247985839843750000e+00 -2.977567672729492188e+01
-7.768026351928710938e+00 -1.489361381530761719e+01
2.991324663162231445e-01 -2.933746719360351562e+01
5.851578712463378906e+00 3.001263046264648438e+01
-5.929973721504211426e-01 -2.015374946594238281e+01
-6.501332283020019531e+00 5.017788410186767578e+00
-7.677713871002197266e+00 -1.923792958259582520e+00
-2.096164226531982422e+00 1.870495986938476562e+01
-2.560462713241577148e+00 1.716137504577636719e+01
-5.332500457763671875e+00 -1.637934875488281250e+01
-2.366052389144897461e+00 1.535099315643310547e+01
4.376390933990478516e+00 2.906412696838378906e+01
-3.795948266983032227e+00 -1.880707359313964844e+01
-9.777070045471191406e+00 -1.020836639404296875e+01
-3.092729330062866211e+00 -1.937755775451660156e+01
-7.414148449897766113e-01 2.449666786193847656e+01
-1.009395980834960938e+01 -4.979957580566406250e+00
-9.329210281372070312e+00 5.460566997528076172e+00
-4.173331737518310547e+00 1.482339763641357422e+01
-9.407101631164550781e+00 -3.815979719161987305e+00
-8.451838493347167969e+00 -1.272549629211425781e+01
8.406915664672851562e+00 3.031878280639648438e+01
-4.552587985992431641e+00 -1.251416301727294922e+01
-7.171416759490966797e+00 6.506063461303710938e+00
-5.670905113220214844e+00 -1.566353034973144531e+01
-2.665914058685302734e+00 2.403923988342285156e+01
-1.411631941795349121e+00 1.960109138488769531e+01
8.192617416381835938e+00 2.976237297058105469e+01
-5.621338367462158203e+00 3.035830497741699219e+00
-2.565814018249511719e+00 1.665293312072753906e+01
-1.086699962615966797e+01 -5.143373012542724609e+00
-6.263389587402343750e+00 8.207489013671875000e+00
-7.586108207702636719e+00 -1.233280944824218750e+01
-1.221017599105834961e+00 -2.721779823303222656e+01
-9.413799285888671875e+00 -8.901191711425781250e+00
9.154081344604492188e+00 -3.297680664062500000e+01
7.287239074707031250e+00 -3.401420974731445312e+01
8.417808532714843750e+00 -2.360678672790527344e+01
8.742981910705566406e+00 -3.257005310058593750e+01
-3.572014093399047852e+00 4.454638957977294922e+00
-5.893407344818115234e+00 6.429530620574951172e+00
-7.020161151885986328e+00 -9.393171310424804688e+00
-1.910292357206344604e-01 2.297138404846191406e+01
6.225778579711914062e+00 2.832590293884277344e+01
-6.395793437957763672e+00 -4.129415988922119141e+00
7.307356357574462891e+00 3.620050811767578125e+01
-1.009598255157470703e+01 -7.163463115692138672e+00
4.201946258544921875e+00 2.581441688537597656e+01
8.243512153625488281e+00 -3.790866470336914062e+01
4.498543262481689453e+00 -2.961306953430175781e+01
-8.864130973815917969e+00 -6.778172492980957031e+00
4.746399879455566406e+00 1.074615573883056641e+01
