4.236992797851562500e+02 -7.732791900634765625e+01
-1.414524536132812500e+02 9.551828002929687500e+01
-1.734568481445312500e+02 -4.440429382324218750e+02
-3.930533218383789062e+01 -1.786046447753906250e+02
3.045232543945312500e+02 3.038571777343750000e+02
2.145771179199218750e+02 -3.549149475097656250e+02
-3.578173828125000000e+01 3.897198181152343750e+02
-4.020987243652343750e+02 2.376559295654296875e+02
1.472113494873046875e+02 4.644563293457031250e+01
-3.808945922851562500e+02 -1.382692260742187500e+02
