2.056006011962890625e+02 3.561093139648437500e+02
-2.733838195800781250e+02 -2.620346984863281250e+02
-4.744985198974609375e+01 -4.299214477539062500e+02
-7.437432098388671875e+01 3.683877563476562500e+02
3.511361694335937500e+02 1.316368103027343750e+02
5.489727783203125000e+01 1.473560943603515625e+02
1.660245208740234375e+02 -5.513634109497070312e+01
-2.971070861816406250e+02 2.322435150146484375e+02
2.054086608886718750e+02 -3.248358459472656250e+02
-3.941180419921875000e+02 -2.722793769836425781e+01
-3.077861404418945312e+01 -1.742191009521484375e+02
-1.426199035644531250e+02 2.745982742309570312e+01
4.087619323730468750e+02 -1.395709838867187500e+02
