-1.274928207397460938e+02 -2.313038063049316406e+01
1.636479187011718750e+02 3.513274383544921875e+01
-1.351579308509826660e+00 6.161901473999023438e+01
1.033534851074218750e+02 -5.577145767211914062e+01
-7.584960937500000000e+01 -1.101759796142578125e+02
9.623223876953125000e+01 1.109311141967773438e+02
-9.465959167480468750e+01 7.492549896240234375e+01
1.912145080566406250e+02 -6.912966918945312500e+01
2.152024269104003906e+01 -7.904441070556640625e+01
6.631872558593750000e+01 1.659046745300292969e+01
-4.056543827056884766e+00 1.504234619140625000e+02
-3.390635299682617188e+01 -1.697719001770019531e+01
4.704072475433349609e+00 -1.713426208496093750e+02
1.057556304931640625e+02 -1.500328369140625000e+02
