-3.624039459228515625e+01 5.034847259521484375e+00
1.355063819885253906e+01 1.558886718750000000e+01
-6.146829986572265625e+01 -7.872512817382812500e+00
-1.396083259582519531e+01 -5.172294616699218750e+00
1.742658042907714844e+01 1.736526298522949219e+01
1.381765270233154297e+01 -1.394336223602294922e+01
1.575259876251220703e+01 -1.091582775115966797e+01
2.100751876831054688e+01 7.424950599670410156e-01
-4.466678142547607422e+00 7.655568122863769531e-01
-1.351492118835449219e+01 1.194400024414062500e+01
-4.650818252563476562e+01 -6.659721851348876953e+00
-4.423280334472656250e+01 3.424610376358032227e+00
-6.455895233154296875e+01 1.859510421752929688e+00
-4.509504318237304688e+01 -4.603732585906982422e+00
4.396701431274414062e+01 -2.760074436664581299e-01
-1.403651237487792969e+01 -7.999129295349121094e+00
2.223280143737792969e+01 -1.791696929931640625e+01
1.808312606811523438e+01 -1.286204814910888672e+01
-6.451359558105468750e+01 -2.979379653930664062e+00
2.600112342834472656e+01 1.267397403717041016e+01
1.221631622314453125e+01 -1.198766422271728516e+01
-1.233837604522705078e+01 1.803696823120117188e+01
3.194225120544433594e+01 -1.378807353973388672e+01
-3.259191131591796875e+01 -9.803077578544616699e-01
-6.509769439697265625e+01 -5.591760158538818359e+00
-2.115877342224121094e+01 -1.230025005340576172e+01
-3.987372589111328125e+01 -9.383113861083984375e+00
-9.640831947326660156e+00 -8.327695846557617188e+00
-5.908991336822509766e+00 -6.440287828445434570e-01
7.261557102203369141e+00 3.220969200134277344e+00
5.309168624877929688e+01 8.812580108642578125e+00
6.696878051757812500e+01 5.341061115264892578e+00
6.770688056945800781e+00 -8.032215118408203125e+00
1.736803436279296875e+01 6.184105873107910156e+00
3.900761413574218750e+01 1.637909650802612305e+00
-6.241590499877929688e+01 -4.960522174835205078e+00
-7.821915626525878906e+00 -2.055875396728515625e+01
-5.215272140502929688e+01 1.174512386322021484e+00
3.124323081970214844e+01 7.647251486778259277e-01
-5.448007965087890625e+01 -3.823240280151367188e+00
-6.318506240844726562e+01 -6.135118007659912109e+00
5.668670654296875000e+01 4.338235378265380859e+00
-5.740927505493164062e+01 8.040115356445312500e+00
-4.277194595336914062e+01 -9.427273750305175781e+00
4.749623107910156250e+01 -2.842783212661743164e+00
6.511965179443359375e+01 9.003500938415527344e+00
-2.705487251281738281e+01 2.964088439941406250e+00
-6.195124816894531250e+01 1.101761531829833984e+01
1.275267028808593750e+01 8.444828987121582031e+00
5.076026153564453125e+01 9.894933700561523438e-01
-1.747368621826171875e+01 1.815986251831054688e+01
-3.748801803588867188e+01 -5.360518932342529297e+00
4.236296463012695312e+01 9.906367301940917969e+00
-1.356527709960937500e+01 -1.298222732543945312e+01
-6.100061798095703125e+01 6.013957023620605469e+00
-5.253004837036132812e+01 -8.599773406982421875e+00
-1.110700702667236328e+01 -1.089112377166748047e+01
-7.833330154418945312e+00 1.301852416992187500e+01
4.712879180908203125e+01 1.104637908935546875e+01
-5.954398345947265625e+01 -5.658053755760192871e-01
-1.169970035552978516e+01 -1.540169143676757812e+01
3.291235733032226562e+01 5.969897270202636719e+00
-5.905224227905273438e+01 -1.956220626831054688e+00
-1.686875343322753906e+01 1.614103198051452637e+00
-2.362227630615234375e+01 5.571320056915283203e+00
2.683996200561523438e+01 -2.032762527465820312e+00
-1.844592857360839844e+01 -1.741903686523437500e+01
-4.692824172973632812e+01 -5.361110210418701172e+00
1.342887687683105469e+01 1.115955734252929688e+01
-4.934107971191406250e+01 1.813086271286010742e-01
-5.157781982421875000e+01 -6.537603378295898438e+00
-2.546595191955566406e+01 1.084417343139648438e+01
-2.874699401855468750e+01 -6.473418712615966797e+00
-1.380523014068603516e+01 -9.742586135864257812e+00
3.135382270812988281e+01 -1.207090854644775391e+01
-2.171016931533813477e+00 1.808429527282714844e+01
-2.020122337341308594e+01 3.114195108413696289e+00
2.444575309753417969e+01 2.412080764770507812e+00
7.626177310943603516e+00 -1.049764060974121094e+01
3.442362594604492188e+01 -7.185874462127685547e+00
-4.275194549560546875e+01 5.506961822509765625e+00
-1.045328497886657715e+00 5.456601142883300781e+00
3.884257125854492188e+01 4.800187110900878906e+00
-5.175661849975585938e+01 -3.573432445526123047e+00
3.020855331420898438e+01 1.888753652572631836e+00
-6.310515213012695312e+01 9.289747476577758789e-01
2.447801780700683594e+01 -1.458742141723632812e+01
4.521122360229492188e+01 8.022217750549316406e+00
-4.901434707641601562e+01 -4.485612392425537109e+00
-2.716629409790039062e+01 9.159996032714843750e+00
2.022134780883789062e+01 -3.551740050315856934e-01
-4.578637313842773438e+01 9.058283805847167969e+00
-6.622391510009765625e+01 -5.562269687652587891e+00
-6.841563224792480469e+00 1.674925231933593750e+01
1.031005287170410156e+01 4.573936462402343750e+00
5.247219467163085938e+01 -1.352208971977233887e+00
-4.073521423339843750e+01 1.149966144561767578e+01
-2.119149780273437500e+01 1.625775146484375000e+01
-6.286566543579101562e+01 -5.896986722946166992e-01
2.846930122375488281e+01 5.693566322326660156e+00
-3.908988189697265625e+01 -1.155126762390136719e+01
3.265268325805664062e+01 1.635503768920898438e+01
-4.096971893310546875e+01 -1.019668197631835938e+01
-2.196461439132690430e+00 -3.544604778289794922e+00
-4.024755477905273438e+01 1.911735177040100098e+00
-2.786067199707031250e+01 -4.581961631774902344e-01
-9.180680274963378906e+00 4.501905918121337891e+00
2.925505065917968750e+01 9.583471298217773438e+00
-3.931496047973632812e+01 7.873602509498596191e-01
4.664825439453125000e+01 -6.048492431640625000e+00
-1.885108947753906250e+01 -1.296579647064208984e+01
2.207029342651367188e+01 1.412605762481689453e+01
3.622957611083984375e+01 -7.267629146575927734e+00
-4.725321578979492188e+01 -5.232548713684082031e-02
-2.134620857238769531e+01 -3.123872995376586914e+00
-4.895048904418945312e+01 -4.501939773559570312e+00
3.800839900970458984e+00 9.788329124450683594e+00
-2.549821090698242188e+01 4.742164611816406250e+00
2.093933296203613281e+01 1.812606048583984375e+01
-1.290612030029296875e+01 -8.031392097473144531e+00
-5.020923233032226562e+01 -6.794871330261230469e+00
1.016688719391822815e-02 1.567456817626953125e+01
-6.099611663818359375e+01 1.158760261535644531e+01
-1.893270874023437500e+01 -1.725423812866210938e+01
2.608356952667236328e+00 -8.665662765502929688e+00
5.420926284790039062e+01 1.065487480163574219e+01
-3.131259441375732422e+00 -2.123639106750488281e+01
4.769123554229736328e+00 2.785814523696899414e+00
-2.103797149658203125e+01 -1.229029369354248047e+01
-4.453330516815185547e+00 1.339580154418945312e+01
2.771110343933105469e+01 -5.902584075927734375e+00
6.395716094970703125e+01 3.463863134384155273e-01
4.223793411254882812e+01 9.907009601593017578e-01
-3.563846206665039062e+01 -8.560640335083007812e+00
6.411416625976562500e+01 7.108644485473632812e+00
5.488608551025390625e+01 1.781401991844177246e+00
-1.444457721710205078e+01 -5.436275005340576172e+00
6.312337875366210938e+00 -1.746809577941894531e+01
1.070766258239746094e+01 1.406005859375000000e+01
1.682577323913574219e+01 1.819834899902343750e+01
6.132497024536132812e+01 2.498436212539672852e+00
-6.945643424987792969e+00 1.529964160919189453e+01
-4.380360794067382812e+01 5.926161289215087891e+00
-2.096996879577636719e+01 1.425679874420166016e+01
1.807560920715332031e+00 -1.628074264526367188e+01
-3.066390228271484375e+01 -5.851880550384521484e+00
3.117718315124511719e+01 6.182300090789794922e+00
3.460880279541015625e+01 -5.521046161651611328e+00
-2.248713874816894531e+01 5.363133430480957031e+00
1.714980506896972656e+01 1.850921821594238281e+01
2.650831985473632812e+01 1.720211982727050781e+01
-1.379134273529052734e+01 -1.101228332519531250e+01
3.755409622192382812e+01 -3.245312929153442383e+00
-7.094825267791748047e+00 1.504125690460205078e+01
4.078409576416015625e+01 -4.533921718597412109e+00
-4.796644687652587891e+00 -1.964227855205535889e-01
2.046140861511230469e+01 3.379457890987396240e-01
4.823828697204589844e+00 1.742441177368164062e+01
5.673418045043945312e+01 6.389330387115478516e+00
-4.995498275756835938e+01 1.234221076965332031e+01
2.665258979797363281e+01 -1.017680454254150391e+01
-5.441260910034179688e+01 3.412547588348388672e+00
4.204443740844726562e+01 6.458729267120361328e+00
9.346014857292175293e-01 1.423205566406250000e+01
5.026784133911132812e+01 3.735780000686645508e+00
1.650169754028320312e+01 3.653096437454223633e+00
1.050771236419677734e+01 4.953543663024902344e+00
6.608009338378906250e+01 8.577781677246093750e+00
-9.181290626525878906e+00 -4.034345149993896484e+00
-3.090321922302246094e+01 -4.472244262695312500e+00
-1.157468223571777344e+01 -4.411040782928466797e+00
3.158492743968963623e-01 1.637694740295410156e+01
3.232150268554687500e+01 -2.768300056457519531e+00
1.380956554412841797e+01 -1.531838703155517578e+01
-1.354404354095458984e+01 -1.337635707855224609e+01
2.246952533721923828e+00 5.864206314086914062e+00
-2.264199256896972656e+01 -1.075096988677978516e+01
3.492928695678710938e+01 -1.215040683746337891e+01
4.345620346069335938e+01 -2.485843658447265625e+00
6.330239486694335938e+01 -2.693192958831787109e+00
4.656293487548828125e+01 1.379961681365966797e+01
4.828102874755859375e+01 -4.019807815551757812e+00
-3.750133895874023438e+01 4.101746082305908203e+00
4.756279754638671875e+01 5.645380973815917969e+00
-3.715803909301757812e+01 -8.259823799133300781e+00
3.225257873535156250e+01 -1.019819450378417969e+01
1.568851661682128906e+01 -5.516146183013916016e+00
1.863143348693847656e+01 -3.263089179992675781e+00
-7.987874984741210938e+00 -1.859980201721191406e+01
6.841307163238525391e+00 8.576766967773437500e+00
2.180114555358886719e+01 6.859424114227294922e+00
-1.907296371459960938e+01 -1.465901565551757812e+01
-1.132551383972167969e+01 8.505880355834960938e+00
5.946199417114257812e+01 4.352583408355712891e+00
6.449803161621093750e+01 -2.382548809051513672e+00
6.469252777099609375e+01 4.740863323211669922e+00
-3.298393249511718750e+01 1.257312893867492676e+00
2.457845878601074219e+01 -1.566967201232910156e+01
-1.369938564300537109e+01 -1.815402984619140625e+01
-3.061284828186035156e+01 4.225024223327636719e+00
-2.398152542114257812e+01 8.562668800354003906e+00
5.015081024169921875e+01 1.765562295913696289e+00
-9.602846145629882812e+00 5.475116729736328125e+00
2.873398780822753906e+01 -7.020638465881347656e+00
3.997087478637695312e+01 7.444198131561279297e+00
6.463586425781250000e+01 -2.156801223754882812e+00
3.853739166259765625e+01 -6.912658691406250000e+00
-3.784661865234375000e+01 6.223192691802978516e+00
-2.787642097473144531e+01 4.752835333347320557e-01
6.188895797729492188e+01 1.065192222595214844e+01
6.181805419921875000e+01 1.257457971572875977e+00
-2.212580871582031250e+01 3.883356809616088867e+00
3.979605865478515625e+01 -1.845071911811828613e-01
2.894478988647460938e+01 3.420018434524536133e+00
6.770547485351562500e+01 3.629270076751708984e+00
2.900946426391601562e+01 -6.847308874130249023e-01
-3.168922233581542969e+01 3.805215597152709961e+00
8.045188903808593750e+00 1.850397300720214844e+01
2.055365562438964844e+01 -1.647498321533203125e+01
6.380139541625976562e+01 4.122970581054687500e+00
2.519209480285644531e+01 -9.775781631469726562e+00
6.052067565917968750e+01 1.912126302719116211e+00
5.792767524719238281e+00 2.165739631652832031e+01
5.783451080322265625e+01 4.856881618499755859e+00
1.035593032836914062e+01 -1.887526702880859375e+01
4.070719909667968750e+01 -5.153923988342285156e+00
6.545928955078125000e+01 1.927651047706604004e+00
-2.091952323913574219e+01 -1.405505561828613281e+01
2.941051673889160156e+01 -1.675313186645507812e+01
6.062541198730468750e+01 3.732400417327880859e+00
4.677302551269531250e+01 4.592375084757804871e-02
1.044149208068847656e+01 -1.869925308227539062e+01
4.053882217407226562e+01 7.616928100585937500e+00
-8.302182197570800781e+00 1.672442817687988281e+01
6.004557132720947266e+00 -1.476235675811767578e+01
6.708458709716796875e+01 7.165390491485595703e+00
5.473889160156250000e+01 4.852561473846435547e+00
-2.908785247802734375e+01 2.023357868194580078e+00
-7.618899822235107422e+00 -4.943206310272216797e+00
6.862841033935546875e+01 6.042695522308349609e+00
6.518243408203125000e+01 4.480937480926513672e+00
6.134848022460937500e+01 3.571581363677978516e+00
4.179436206817626953e+00 -1.670085266232490540e-02
6.533565998077392578e+00 1.395616340637207031e+01
-2.190135765075683594e+01 -5.912081241607666016e+00
1.021561908721923828e+01 -1.362783718109130859e+01
6.284040927886962891e+00 -1.245192623138427734e+01
1.745959281921386719e+01 -1.030410385131835938e+01
-1.586613941192626953e+01 -8.884370803833007812e+00
5.732173156738281250e+01 8.899955749511718750e+00
3.981217193603515625e+01 4.266275405883789062e+00
-9.957718849182128906e+00 -1.094552755355834961e+00
1.487903976440429688e+01 -1.952402234077453613e+00
2.522454643249511719e+01 4.409964084625244141e+00
1.693765640258789062e+01 1.388782596588134766e+01
2.055940032005310059e-01 -3.585374593734741211e+00
-2.213262939453125000e+01 -1.671542930603027344e+01
3.244669723510742188e+01 9.403607368469238281e+00
6.631658935546875000e+01 3.403058290481567383e+00
4.542942810058593750e+01 5.239245295524597168e-01
1.246643829345703125e+01 8.929274559020996094e+00
-3.452988815307617188e+01 9.293855667114257812e+00
4.908722400665283203e+00 -1.253251647949218750e+01
-6.968129158020019531e+00 -3.376099586486816406e+00
-4.672677230834960938e+01 -2.542469501495361328e+00
5.909148693084716797e+00 9.537112236022949219e+00
4.041689300537109375e+01 5.983241081237792969e+00
6.205379009246826172e+00 -6.817259788513183594e+00
2.508103752136230469e+01 -1.622714614868164062e+01
6.183919525146484375e+01 -3.914097845554351807e-01
8.711434364318847656e+00 -1.157188034057617188e+01
-4.018380641937255859e+00 -1.687766838073730469e+01
-2.870027923583984375e+01 1.212228393554687500e+01
2.725970268249511719e+01 -1.196878242492675781e+01
-4.073203659057617188e+01 -4.027439594268798828e+00
4.827127838134765625e+01 -9.376739501953125000e+00
-2.706281661987304688e+00 -3.250144243240356445e+00
-2.357007217407226562e+01 -1.072154998779296875e+01
4.047834014892578125e+01 3.967163085937500000e+00
-4.795226669311523438e+01 -8.329635620117187500e+00
1.484184932708740234e+01 -1.037635707855224609e+01
-3.739280700683593750e+01 2.685977935791015625e+00
4.346232604980468750e+01 1.336431217193603516e+01
6.502670288085937500e+01 6.035912513732910156e+00
1.823719787597656250e+01 1.920892524719238281e+01
1.114144706726074219e+01 9.467321395874023438e+00
-1.311278152465820312e+01 2.395111799240112305e+00
5.778657150268554688e+01 6.560605525970458984e+00
-4.034595489501953125e+01 9.960686683654785156e+00
6.288038635253906250e+01 5.607782363891601562e+00
2.731699180603027344e+01 -8.284203529357910156e+00
2.207717514038085938e+01 -8.469081878662109375e+00
-5.716231918334960938e+01 -7.529430866241455078e+00
-1.105251026153564453e+01 -5.267376422882080078e+00
6.222970008850097656e+00 -4.231373310089111328e+00
-3.429003000259399414e+00 -1.853698158264160156e+01
-1.594110584259033203e+01 1.104649353027343750e+01
-5.692848968505859375e+01 -2.900135755538940430e+00
2.764567947387695312e+01 -1.469294738769531250e+01
-4.712142562866210938e+01 -5.332305431365966797e+00
4.538022232055664062e+01 -7.000901699066162109e+00
-1.987641334533691406e+01 -7.027362585067749023e-01
5.037181854248046875e+01 1.098460865020751953e+01
2.565614509582519531e+01 1.922396898269653320e+00
4.883240890502929688e+01 7.123898029327392578e+00
2.039545440673828125e+01 5.329367160797119141e+00
4.351905345916748047e+00 1.607039833068847656e+01
-9.856896400451660156e+00 1.280742359161376953e+01
-2.762599563598632812e+01 -1.157092380523681641e+01
9.158218502998352051e-01 -2.337576866149902344e+01
-2.669427871704101562e+01 5.507511138916015625e+00
-4.556314086914062500e+01 8.298043251037597656e+00
-5.029242324829101562e+01 4.736571788787841797e+00
6.447815704345703125e+01 9.840600013732910156e+00
-2.477768325805664062e+01 1.005502891540527344e+01
-2.495347595214843750e+01 -6.779863357543945312e+00
3.046764135360717773e+00 1.518830776214599609e+01
-1.190043427050113678e-02 5.266064643859863281e+00
2.018629550933837891e+00 -8.145114898681640625e+00
5.840149307250976562e+01 6.482875347137451172e+00
-4.085195541381835938e+01 -2.463396310806274414e+00
2.434427261352539062e+01 -5.206667184829711914e-01
-5.081515502929687500e+01 7.770706176757812500e+00
-5.463891601562500000e+01 1.573576807975769043e+00
5.203209304809570312e+01 6.125707149505615234e+00
6.858617401123046875e+01 6.820188999176025391e+00
4.584474086761474609e+00 -1.646093845367431641e+00
3.392285156250000000e+01 -1.433533906936645508e+00
3.399058341979980469e+00 -1.238043594360351562e+01
3.261064529418945312e+01 6.379268169403076172e+00
4.781478500366210938e+01 -7.720455527305603027e-01
-2.496297073364257812e+01 -8.737511634826660156e+00
-4.066433334350585938e+01 3.058766126632690430e-01
1.901082420349121094e+01 3.211842298507690430e+00
-2.884593200683593750e+01 8.335880279541015625e+00
1.429819297790527344e+01 -2.169932174682617188e+01
4.863856124877929688e+01 2.956808328628540039e+00
5.174094772338867188e+01 -4.754886627197265625e+00
4.044942855834960938e+01 -8.472748756408691406e+00
-1.760391235351562500e+01 -1.167746639251708984e+01
-9.184543490409851074e-01 4.191293239593505859e+00
-2.753017997741699219e+01 -1.017424583435058594e+01
-1.022209930419921875e+01 2.078666210174560547e+00
2.847233009338378906e+01 9.789466857910156250e+00
6.780098724365234375e+01 8.226202964782714844e+00
6.299467086791992188e+01 2.832481145858764648e+00
-2.743656921386718750e+01 9.964525222778320312e+00
1.678921318054199219e+01 2.313842058181762695e+00
-3.678555679321289062e+01 -5.294044494628906250e+00
4.152236938476562500e+01 7.257734537124633789e-01
6.769586181640625000e+01 8.734306335449218750e+00
2.273180389404296875e+01 -9.515659332275390625e+00
-4.819526290893554688e+01 2.961837649345397949e-01
5.616376876831054688e+00 1.656777000427246094e+01
-2.085770416259765625e+01 1.867047119140625000e+01
1.714149665832519531e+01 1.215466141700744629e+00
-6.952975273132324219e+00 8.952425003051757812e+00
-4.780218124389648438e+01 -1.181336593627929688e+01
3.544639205932617188e+01 8.441483974456787109e-01
3.535235977172851562e+01 5.465800285339355469e+00
2.753932380676269531e+01 -4.372359275817871094e+00
-3.285298538208007812e+01 -3.051455736160278320e+00
1.205774211883544922e+01 -6.599749326705932617e-01
5.138733673095703125e+01 1.039279174804687500e+01
2.226442337036132812e+01 -5.656129837036132812e+00
-1.791987609863281250e+01 -6.480226039886474609e+00
2.767478179931640625e+01 3.400496721267700195e+00
1.649128341674804688e+01 -7.259232044219970703e+00
2.111347579956054688e+01 1.626547932624816895e+00
1.535002613067626953e+01 4.526653885841369629e-01
4.350221633911132812e+00 -1.568248367309570312e+01
5.921790313720703125e+01 5.827179431915283203e+00
-2.824088668823242188e+01 -1.938431859016418457e+00
4.606332397460937500e+01 6.576864242553710938e+00
-9.993272781372070312e+00 -1.259672832489013672e+01
3.866371536254882812e+01 1.018432044982910156e+01
3.958486795425415039e+00 1.259263610839843750e+01
-7.742952108383178711e-01 -3.382915019989013672e+00
-3.533656692504882812e+01 2.442238569259643555e+00
-5.628924560546875000e+01 4.140408515930175781e+00
-4.338729858398437500e+01 -5.035946846008300781e+00
2.124864101409912109e+00 1.247163391113281250e+01
-8.034938812255859375e+00 -1.196768188476562500e+01
-3.055475044250488281e+01 1.203366947174072266e+01
1.237648582458496094e+01 -1.544087409973144531e+01
-1.641962051391601562e+01 -2.254192924499511719e+01
2.697928047180175781e+01 7.496202945709228516e+00
-5.587622833251953125e+01 -9.470219612121582031e+00
2.631675720214843750e+00 -1.069786930084228516e+01
5.362042617797851562e+01 -4.926235079765319824e-01
-6.432762908935546875e+01 -1.964961886405944824e+00
-5.964745712280273438e+01 -9.479256629943847656e+00
-2.070802688598632812e+01 -9.028162956237792969e+00
6.759489059448242188e+00 -1.331692695617675781e+01
-6.283019256591796875e+01 8.522639274597167969e+00
-6.086751937866210938e+01 1.096326923370361328e+01
1.251650810241699219e+01 2.828248023986816406e+00
2.805089569091796875e+01 7.635220050811767578e+00
-2.444264221191406250e+01 9.581877708435058594e+00
4.074208450317382812e+01 5.137159347534179688e+00
-4.021406555175781250e+01 -3.769492149353027344e+00
-1.880988883972167969e+01 5.189157724380493164e-01
3.380668258666992188e+01 -1.284108924865722656e+01
-2.163697814941406250e+01 3.409639835357666016e+00
1.942776107788085938e+01 9.881100654602050781e+00
2.201514434814453125e+01 -1.745829963684082031e+01
4.646981239318847656e+00 1.927832603454589844e+01
1.086623191833496094e+00 -2.377528953552246094e+01
-4.430742645263671875e+01 -4.091584205627441406e+00
3.882211685180664062e+01 1.669103240966796875e+01
-5.607379913330078125e+01 -6.392342567443847656e+00
-5.605297470092773438e+01 1.219989013671875000e+01
-2.747094345092773438e+01 -9.066900253295898438e+00
-1.040604114532470703e+01 1.496726226806640625e+01
-4.288573455810546875e+01 -9.393805503845214844e+00
-4.864618301391601562e+01 1.099779033660888672e+01
-2.028240585327148438e+01 8.504544258117675781e+00
-9.271962165832519531e+00 -1.981842368841171265e-01
-4.383666229248046875e+01 7.692716598510742188e+00
2.416468811035156250e+01 -3.544639110565185547e+00
-5.632584762573242188e+01 -8.902156949043273926e-01
-1.245933151245117188e+01 1.178506851196289062e+01
1.007270336151123047e+01 1.469873523712158203e+01
2.279406070709228516e+00 5.889427185058593750e+00
-3.239374542236328125e+01 -2.194746971130371094e+00
-2.392213630676269531e+01 -9.079681396484375000e+00
-4.610760879516601562e+01 1.596512198448181152e+00
-4.186135101318359375e+01 -1.541225624084472656e+01
5.850344085693359375e+01 5.083534240722656250e+00
2.594951820373535156e+01 -1.474277782440185547e+01
-7.818922996520996094e+00 2.300150632858276367e+00
8.147607803344726562e+00 1.221491432189941406e+01
-5.981830978393554688e+01 1.107053565979003906e+01
3.917333221435546875e+01 -7.173172473907470703e+00
-4.431510543823242188e+01 -1.143337631225585938e+01
-4.707364654541015625e+01 -1.045980262756347656e+01
-7.512535572052001953e+00 -2.842989444732666016e+00
5.318836212158203125e+01 1.670921134948730469e+01
-5.650385665893554688e+01 8.850748062133789062e+00
-3.481132888793945312e+01 -9.944019317626953125e+00
4.450948238372802734e+00 -9.676954269409179688e+00
-2.014018249511718750e+01 -1.447745442390441895e+00
-4.534123611450195312e+01 9.129463694989681244e-03
-6.167283630371093750e+01 1.233830165863037109e+01
4.289896392822265625e+01 1.807702898979187012e+00
4.539343643188476562e+01 9.981406211853027344e+00
2.573718070983886719e+01 1.936383628845214844e+01
4.526301574707031250e+01 5.359649062156677246e-01
4.489541625976562500e+01 -3.978176116943359375e+00
6.377967071533203125e+01 1.080807304382324219e+01
-4.091727447509765625e+01 9.116921424865722656e+00
4.706143569946289062e+01 1.841901540756225586e+00
6.398482894897460938e+01 3.337267637252807617e+00
-5.888569641113281250e+01 1.307351469993591309e+00
-4.062105178833007812e+01 1.135942554473876953e+01
3.453074645996093750e+01 3.176657676696777344e+00
4.437809753417968750e+01 3.581246852874755859e+00
-8.491320610046386719e+00 -3.082584857940673828e+00
7.386512756347656250e+00 -5.544769763946533203e+00
4.861635208129882812e+01 -1.048434734344482422e+01
-1.245084953308105469e+01 -1.612189865112304688e+01
5.092551422119140625e+01 -5.214043140411376953e+00
4.635470962524414062e+01 4.891391277313232422e+00
-1.890408134460449219e+01 -1.518047523498535156e+01
-1.610076904296875000e+01 1.135228252410888672e+01
1.004533195495605469e+01 6.331977844238281250e-01
-6.025783920288085938e+01 -6.475369453430175781e+00
-5.524381637573242188e+01 -4.954106211662292480e-01
-5.759201812744140625e+01 -5.032984733581542969e+00
-1.145199012756347656e+01 -3.918800115585327148e+00
-8.451759815216064453e-01 7.911240100860595703e+00
6.438132476806640625e+01 2.896193265914916992e-01
-2.965107917785644531e+01 3.617053985595703125e+00
-2.452735710144042969e+01 -1.576090431213378906e+01
-5.410731124877929688e+01 7.369166374206542969e+00
3.986826705932617188e+01 1.391045570373535156e+01
-2.381359672546386719e+01 -6.852588176727294922e+00
-4.990792465209960938e+01 -9.630841255187988281e+00
2.293096542358398438e+01 6.445596218109130859e+00
3.449623489379882812e+01 3.597090952098369598e-03
6.687534332275390625e+01 1.079976916313171387e+00
-1.602876853942871094e+01 7.165333747863769531e+00
5.221350860595703125e+01 -1.116037964820861816e+00
7.274149894714355469e+00 3.304157018661499023e+00
1.753124618530273438e+01 -3.364626765251159668e-01
2.159288978576660156e+01 2.494545459747314453e+00
6.082969665527343750e+01 1.077620220184326172e+01
4.794404220581054688e+01 7.503892898559570312e+00
-2.624429130554199219e+01 -7.055839538574218750e+00
-1.744626426696777344e+01 -1.038019275665283203e+01
6.544101715087890625e+01 2.862067461013793945e+00
3.835707092285156250e+01 6.584819793701171875e+00
6.506642150878906250e+01 7.525141239166259766e+00
2.685746431350708008e+00 -7.747855663299560547e+00
3.901453781127929688e+01 1.283217144012451172e+01
6.614192962646484375e+01 2.043205261230468750e+00
6.327873611450195312e+01 -2.629176139831542969e+00
-8.701184272766113281e+00 8.755561113357543945e-01
2.370169258117675781e+01 -8.086141586303710938e+00
5.847929477691650391e+00 2.157652473449707031e+01
2.626314544677734375e+01 1.743700599670410156e+01
2.271160697937011719e+01 1.458112907409667969e+01
-2.033519554138183594e+01 -1.537303829193115234e+01
-4.190448379516601562e+01 -4.736230373382568359e+00
-2.452659034729003906e+01 -7.148820400238037109e+00
-2.430939292907714844e+01 -2.073551177978515625e+00
6.046263504028320312e+01 5.229847908020019531e+00
3.689793395996093750e+01 -7.665307044982910156e+00
4.216877460479736328e+00 -8.539605140686035156e-02
-5.184994220733642578e+00 -1.550372004508972168e+00
3.117837190628051758e+00 -5.322094917297363281e+00
-5.954684448242187500e+01 1.244288444519042969e+01
4.549100112915039062e+01 -1.683587789535522461e+00
9.183223724365234375e+00 -8.126212954521179199e-01
-3.292381668090820312e+01 2.454336643218994141e+00
6.256016921997070312e+01 1.639352917671203613e+00
2.562543869018554688e+00 2.019854927062988281e+01
-4.339654159545898438e+01 9.467529296875000000e+00
5.168338394165039062e+01 7.847260951995849609e+00
2.093178367614746094e+01 -6.966187000274658203e+00
-2.879420471191406250e+01 -1.158900451660156250e+01
1.892660713195800781e+01 -1.389578437805175781e+01
2.756677436828613281e+01 -4.882076740264892578e+00
1.776381683349609375e+01 1.544415950775146484e+01
9.875182151794433594e+00 4.026556313037872314e-01
-2.555797004699707031e+01 8.412701606750488281e+00
3.357292175292968750e+01 -1.088321399688720703e+01
1.914726829528808594e+01 9.983886480331420898e-01
-4.522263336181640625e+01 -7.681763648986816406e+00
-2.866272354125976562e+01 5.756597042083740234e+00
-2.917205047607421875e+01 -1.287375736236572266e+01
-3.804710769653320312e+01 2.297571420669555664e+00
3.591040134429931641e+00 7.931826591491699219e+00
-1.555669784545898438e+01 5.322180986404418945e-01
3.973567199707031250e+01 3.342573881149291992e+00
-5.993684768676757812e+01 3.583238363265991211e+00
-3.460459518432617188e+01 7.775510787963867188e+00
7.292582988739013672e+00 1.940151405334472656e+01
-3.808642578125000000e+01 -5.966382980346679688e+00
-1.488506031036376953e+01 8.392107963562011719e+00
-5.558260917663574219e+00 -3.842892646789550781e+00
-6.030463790893554688e+01 -3.010048151016235352e+00
-6.319165420532226562e+01 -4.552800357341766357e-01
3.640336227416992188e+01 -2.788193464279174805e+00
-4.470115661621093750e+01 -2.201659679412841797e+00
-5.500526428222656250e+01 5.055518150329589844e+00
3.349694061279296875e+01 2.203317165374755859e+00
-6.381692886352539062e+01 -5.263472080230712891e+00
1.952568817138671875e+01 1.217606449127197266e+01
-5.655273818969726562e+01 3.083370685577392578e+00
-6.239177703857421875e+01 1.005199241638183594e+01
7.202162265777587891e+00 -5.808368682861328125e+00
-7.430216789245605469e+00 -7.681218147277832031e+00
-3.505522537231445312e+01 -9.797953605651855469e+00
-6.569809722900390625e+01 -3.406988143920898438e+00
4.357331466674804688e+01 6.160434722900390625e+00
-1.160041713714599609e+01 2.924114227294921875e+00
-1.081556129455566406e+01 8.031891822814941406e+00
-6.437957000732421875e+01 -4.118056297302246094e+00
2.727272748947143555e+00 -1.260927295684814453e+01
-1.690219163894653320e+00 1.082849025726318359e+01
-5.644592285156250000e+01 2.180925369262695312e+00
2.132769775390625000e+01 -1.087360763549804688e+01
-6.236608886718750000e+01 -8.075571060180664062e+00
-5.174721145629882812e+01 9.760886192321777344e+00
-5.344661331176757812e+01 4.030255973339080811e-01
-1.938050270080566406e+01 -5.295433998107910156e-01
-3.328921890258789062e+01 5.027904987335205078e+00
-5.848641586303710938e+01 -7.583706378936767578e-01
-2.335910034179687500e+01 -3.797099351882934570e+00
-2.236699295043945312e+01 1.120760631561279297e+01
-1.406558990478515625e+00 -1.710400962829589844e+01
4.787025070190429688e+01 8.525753766298294067e-02
2.944238662719726562e+01 -1.761265397071838379e+00
-3.009806060791015625e+01 6.690588593482971191e-01
1.902153134346008301e+00 -1.767697906494140625e+01
-5.396856689453125000e+01 -6.629181385040283203e+00
2.041794013977050781e+01 1.800368499755859375e+01
-2.538229942321777344e+01 -1.067866325378417969e+01
2.281901931762695312e+01 -3.036600589752197266e+00
7.847630023956298828e+00 1.653967475891113281e+01
-4.890760040283203125e+01 1.150245571136474609e+01
2.130264282226562500e+01 -1.440932750701904297e+01
-4.437979507446289062e+01 2.091640472412109375e+00
-1.270660018920898438e+01 1.327331638336181641e+01
1.295680809020996094e+01 1.351677513122558594e+01
3.710834121704101562e+01 4.969215393066406250e+00
-5.946698379516601562e+01 5.828862190246582031e+00
-2.573315382003784180e+00 -1.339584064483642578e+01
-6.399265670776367188e+01 5.872706890106201172e+00
8.742745399475097656e+00 1.776858520507812500e+01
3.387169599533081055e+00 -8.870263099670410156e+00
-4.943790435791015625e+01 4.258097171783447266e+00
2.197227859497070312e+01 -4.136969566345214844e+00
-5.992423534393310547e+00 -1.096843147277832031e+01
-2.584038162231445312e+01 -9.964621543884277344e+00
1.333344936370849609e+01 -1.121760559082031250e+01
-5.937363433837890625e+01 -7.262911319732666016e+00
-3.147102737426757812e+01 7.501482486724853516e+00
5.321426391601562500e+01 1.668848609924316406e+01
-1.948119926452636719e+01 1.341693496704101562e+01
-1.921995162963867188e+01 -2.522254562377929688e+01
-1.426004320383071899e-01 -6.607716560363769531e+00
1.611062049865722656e+01 -1.172422027587890625e+01
4.484393310546875000e+01 -2.752603530883789062e+00
3.621362686157226562e+01 -4.975520610809326172e+00
2.408960914611816406e+01 1.038617324829101562e+01
-2.714317131042480469e+01 5.466486930847167969e+00
-5.095222854614257812e+01 -8.525222778320312500e+00
-3.652381134033203125e+01 4.917863368988037109e+00
-2.373264312744140625e+00 2.337208271026611328e+00
3.135090827941894531e+01 -8.307172775268554688e+00
4.372579956054687500e+01 1.232169818878173828e+01
-4.007527828216552734e+00 -1.684397506713867188e+01
-2.534325408935546875e+01 1.170742130279541016e+01
-3.007647514343261719e+01 -8.047717094421386719e+00
-2.095625495910644531e+01 1.409875011444091797e+01
4.954609680175781250e+01 -4.272027611732482910e-01
-5.577803039550781250e+01 1.188704490661621094e+01
-1.921726989746093750e+01 -2.522372245788574219e+01
1.528330993652343750e+01 -1.203774571418762207e+00
-6.013249969482421875e+01 1.391322374343872070e+00
-4.316136932373046875e+01 -1.490732192993164062e+01
-4.805730819702148438e+01 -8.920062065124511719e+00
-1.366252040863037109e+01 -9.335043907165527344e+00
-4.329857635498046875e+01 8.489750862121582031e+00
3.146020698547363281e+01 -6.028686523437500000e+00
-4.580160522460937500e+01 4.738327503204345703e+00
-6.376632308959960938e+01 -3.990750789642333984e+00
3.200706100463867188e+01 3.967029094696044922e+00
2.636327171325683594e+01 8.991623878479003906e+00
-5.620627593994140625e+01 -5.029783725738525391e+00
-4.221506500244140625e+01 -1.431485557556152344e+01
-5.049992752075195312e+01 1.090691184997558594e+01
-1.203026390075683594e+01 -1.099299907684326172e+01
-1.312039947509765625e+01 4.094501972198486328e+00
2.456605911254882812e+01 -1.036918163299560547e+01
-6.243096542358398438e+01 2.242275476455688477e+00
-5.064709091186523438e+01 -8.656151771545410156e+00
-5.789931488037109375e+01 3.784758090972900391e+00
-4.599608898162841797e+00 5.691586494445800781e+00
-5.808599472045898438e+01 5.937788009643554688e+00
-4.844744873046875000e+01 -3.158242464065551758e+00
2.791783571243286133e+00 8.656515121459960938e+00
-3.448624801635742188e+01 6.103425979614257812e+00
-4.882125091552734375e+01 -9.226022720336914062e+00
1.869681167602539062e+01 1.046905231475830078e+01
-5.893315887451171875e+01 1.181693649291992188e+01
-6.316267776489257812e+01 1.919160127639770508e+00
2.481002044677734375e+01 -1.589360833168029785e+00
-3.310427474975585938e+01 8.060188889503479004e-01
-9.524827957153320312e+00 9.203110694885253906e+00
2.763373756408691406e+01 -1.875647425651550293e+00
-5.228986740112304688e+01 3.165244579315185547e+00
-1.944872474670410156e+01 -1.165295314788818359e+01
-4.955658340454101562e+01 -6.373107910156250000e+00
-9.777966499328613281e+00 5.222904682159423828e+00
-4.387396240234375000e+01 -1.130547618865966797e+01
-2.311697483062744141e+00 4.348240792751312256e-01
2.441060841083526611e-01 -1.412597656250000000e+01
1.190447139739990234e+01 -5.856998920440673828e+00
2.027325630187988281e+01 -5.239661693572998047e+00
4.340427017211914062e+01 -1.294601559638977051e+00
-3.579637289047241211e+00 -5.316390991210937500e+00
-4.490684127807617188e+01 3.184144735336303711e+00
-3.960368728637695312e+01 -3.083167314529418945e+00
-3.984819793701171875e+01 -1.151157283782958984e+01
2.874726295471191406e+01 5.934732437133789062e+00
-1.856394386291503906e+01 5.934268474578857422e+00
3.916578674316406250e+01 1.493494510650634766e+01
-2.833575487136840820e+00 6.866232872009277344e+00
4.860990905761718750e+01 7.372961997985839844e+00
1.363138771057128906e+01 1.041709136962890625e+01
1.875894546508789062e+01 -1.032188796997070312e+01
5.669337511062622070e-01 2.060139030218124390e-01
-2.543411636352539062e+01 -1.671633911132812500e+01
-4.687809944152832031e+00 3.003933668136596680e+00
-3.351305389404296875e+01 -4.611600399017333984e+00
-5.649050521850585938e+01 -8.989652633666992188e+00
3.724800109863281250e+01 8.168812751770019531e+00
-2.871888351440429688e+01 -8.216406702995300293e-01
3.576417922973632812e+01 -4.890804886817932129e-01
-5.519235134124755859e+00 7.686177730560302734e+00
8.095707893371582031e+00 8.310536384582519531e+00
-2.101899719238281250e+01 7.652443885803222656e+00
8.136600494384765625e+00 1.733924674987792969e+01
-1.571028137207031250e+01 -1.076874542236328125e+01
2.441702461242675781e+01 -8.861201286315917969e+00
-2.336158514022827148e+00 -6.792604327201843262e-01
2.551140022277832031e+01 1.848136138916015625e+01
3.022522735595703125e+01 -3.989031076431274414e+00
-2.360336494445800781e+01 1.171419143676757812e+01
2.774417638778686523e+00 1.476782703399658203e+01
6.615790557861328125e+01 6.264296054840087891e+00
-5.525662231445312500e+01 -1.093445682525634766e+01
-2.023307037353515625e+01 1.019657993316650391e+01
-4.011697471141815186e-01 8.846196532249450684e-01
-9.118405342102050781e+00 -5.434782505035400391e+00
2.368929481506347656e+01 1.525969982147216797e+01
-8.880671501159667969e+00 7.382711887359619141e+00
4.040935039520263672e+00 1.226420879364013672e+01
1.415860366821289062e+01 1.067688846588134766e+01
3.919729232788085938e+01 -1.389980912208557129e+00
4.275094032287597656e+00 9.807093620300292969e+00
5.250775146484375000e+01 9.706345796585083008e-01
-2.779351806640625000e+01 1.769563794136047363e+00
2.335919618606567383e+00 1.884827423095703125e+01
-5.990791702270507812e+01 -6.829162240028381348e-01
-4.345590591430664062e+01 -7.352452278137207031e+00
6.322702884674072266e+00 -1.118809032440185547e+01
-4.757010269165039062e+01 7.931933879852294922e+00
-3.831658172607421875e+01 -1.400466322898864746e+00
2.856162834167480469e+01 -1.402059841156005859e+01
-6.267951202392578125e+01 8.923739790916442871e-01
3.847846603393554688e+01 -6.476291656494140625e+00
-7.770917415618896484e+00 -1.753573226928710938e+01
6.276324844360351562e+01 4.931149959564208984e+00
4.576811218261718750e+01 3.720632076263427734e+00
-4.728837966918945312e+01 2.111151695251464844e+00
-1.485343647003173828e+01 1.036260128021240234e+01
2.110931587219238281e+01 -7.326583385467529297e+00
-1.010648345947265625e+01 -2.724604845046997070e+00
2.092463493347167969e+01 1.103293514251708984e+01
-1.472130012512207031e+01 -1.489072036743164062e+01
3.149407768249511719e+01 9.769090652465820312e+00
4.549507141113281250e+00 -1.056920623779296875e+01
1.987791776657104492e+00 -1.078716754913330078e+01
2.351574134826660156e+01 -1.197394180297851562e+01
-3.564763641357421875e+01 2.956093072891235352e+00
2.164351272583007812e+01 -1.556061077117919922e+01
-1.050103306770324707e+00 -1.471616029739379883e+00
1.343188285827636719e+01 5.100735928863286972e-03
2.678804397583007812e+01 -7.520524978637695312e+00
-8.707552909851074219e+00 -8.396003723144531250e+00
5.422402024269104004e-01 -1.000451946258544922e+01
3.366887664794921875e+01 -4.639049530029296875e+00
2.462989616394042969e+01 8.105795860290527344e+00
1.949580073356628418e+00 9.507099151611328125e+00
-1.797855758666992188e+01 -1.377005004882812500e+01
2.851066398620605469e+01 -5.978471040725708008e-01
4.285039520263671875e+01 4.477293014526367188e+00
-9.252902984619140625e+00 1.187921142578125000e+01
-1.206582832336425781e+01 9.681235313415527344e+00
-3.245058059692382812e+01 -1.052235603332519531e+01
-4.775849151611328125e+01 4.874703884124755859e+00
1.114210319519042969e+01 -1.852603912353515625e+01
3.189287948608398438e+01 4.260002613067626953e+00
-2.640693664550781250e+00 -1.034104633331298828e+01
-3.908488750457763672e-01 -7.133879661560058594e+00
4.554078674316406250e+01 -3.666360974311828613e-01
2.246322441101074219e+01 2.302713394165039062e+00
-1.258420276641845703e+01 9.102323532104492188e+00
3.422026824951171875e+01 3.248938322067260742e+00
-3.133213996887207031e+00 -5.406524658203125000e+00
2.709007453918457031e+01 -1.216699314117431641e+01
-2.381266593933105469e+01 -4.855602979660034180e-01
3.155868148803710938e+01 -1.437853431701660156e+01
4.764906406402587891e+00 -3.324775934219360352e+00
6.782805633544921875e+01 4.691440105438232422e+00
2.513373184204101562e+01 -7.526069164276123047e+00
-2.570235633850097656e+01 -2.873139858245849609e+00
-1.169885063171386719e+01 1.870375823974609375e+01
4.625435256958007812e+01 -1.401144623756408691e+00
-1.325555801391601562e+01 -6.899158358573913574e-01
-2.214938354492187500e+01 -8.606960296630859375e+00
2.399884986877441406e+01 -5.894863128662109375e+00
4.437373352050781250e+01 1.012689399719238281e+01
-2.469716072082519531e+01 -5.939254760742187500e+00
-3.013027763366699219e+01 -5.762750148773193359e+00
-2.644533872604370117e+00 7.588032245635986328e+00
-2.041615486145019531e+00 -1.718731880187988281e+00
4.479671859741210938e+01 -1.538288593292236328e+00
-7.889332771301269531e+00 -1.956407928466796875e+01
-3.427987289428710938e+01 -4.684568881988525391e+00
5.780881881713867188e+01 2.931960821151733398e+00
-1.364443111419677734e+01 1.472249507904052734e+01
1.756238555908203125e+01 1.483495235443115234e+01
2.398480987548828125e+01 -1.121401309967041016e+01
2.628801536560058594e+01 -1.344955348968505859e+01
4.958963012695312500e+01 -2.658421993255615234e+00
4.327793121337890625e+01 8.659157752990722656e+00
3.168744850158691406e+01 -1.182617759704589844e+01
1.762712097167968750e+01 -1.296093082427978516e+01
4.923387145996093750e+01 5.797172069549560547e+00
2.307175827026367188e+01 5.100146770477294922e+00
1.494613766670227051e+00 -1.298587203025817871e+00
5.193734741210937500e+01 -6.946425914764404297e+00
-2.012595939636230469e+01 -1.745419311523437500e+01
5.043231487274169922e+00 6.228082656860351562e+00
-4.455597877502441406e+00 -7.237229824066162109e+00
-4.959305524826049805e-01 4.750771999359130859e+00
7.935522079467773438e+00 8.273275375366210938e+00
6.274711990356445312e+01 3.604018449783325195e+00
5.289323425292968750e+01 8.487862586975097656e+00
2.200007247924804688e+01 -2.127297639846801758e+00
-6.838827729225158691e-01 -1.020760536193847656e+01
-8.285067558288574219e+00 -1.500492095947265625e+00
4.156335449218750000e+01 -7.440472245216369629e-01
-1.556518936157226562e+01 -8.718908309936523438e+00
-1.822893977165222168e+00 1.925419330596923828e+00
1.203768849372863770e+00 -1.250928401947021484e+01
4.427302551269531250e+01 -7.417718887329101562e+00
3.773238372802734375e+01 -3.142230033874511719e+00
3.263136672973632812e+01 -1.455969524383544922e+01
3.125457763671875000e+01 -7.320305347442626953e+00
5.695316314697265625e+00 -1.705112266540527344e+01
2.908228683471679688e+01 1.343596553802490234e+01
-4.737887954711914062e+01 -1.013080883026123047e+01
-1.805117416381835938e+01 -8.085186958312988281e+00
-1.779784202575683594e+01 -5.279223918914794922e+00
3.492971420288085938e+01 -1.384304332733154297e+01
1.361923122406005859e+01 -2.815009832382202148e+00
1.553252220153808594e+01 -2.980069398880004883e+00
4.432295608520507812e+01 -9.683815956115722656e+00
-8.807837963104248047e-01 -1.207336330413818359e+01
3.918554306030273438e+01 -1.318010044097900391e+01
6.247079372406005859e+00 1.551418018341064453e+01
2.398244667053222656e+01 9.903624534606933594e+00
3.995803594589233398e+00 -1.781830406188964844e+01
1.467291641235351562e+01 -1.596145915985107422e+01
1.264809036254882812e+01 -7.092035770416259766e+00
6.363887405395507812e+01 7.499918937683105469e+00
3.093642616271972656e+01 2.785552263259887695e+00
-2.917651557922363281e+01 3.010419607162475586e+00
-1.750451087951660156e+01 9.763648033142089844e+00
-1.919052124023437500e+01 1.656550216674804688e+01
4.508971405029296875e+01 1.958271026611328125e+00
1.044530200958251953e+01 3.985477447509765625e+00
4.110756301879882812e+01 -8.660089492797851562e+00
2.750876808166503906e+01 8.492923736572265625e+00
2.461143112182617188e+01 2.156453371047973633e+00
2.667420578002929688e+01 6.035338401794433594e+00
1.186700344085693359e+01 9.899659156799316406e+00
4.107971191406250000e+01 5.112089157104492188e+00
5.547098159790039062e+01 6.398420333862304688e+00
3.383568954467773438e+01 1.350694656372070312e+01
-1.703202819824218750e+01 -3.006515502929687500e-01
3.686587524414062500e+01 3.042885541915893555e+00
-4.674800491333007812e+01 4.539021015167236328e+00
-5.599065780639648438e+00 -1.204737186431884766e+01
-6.444350433349609375e+01 7.020336985588073730e-01
5.970376968383789062e+01 6.558446407318115234e+00
-2.816793060302734375e+01 -1.023262119293212891e+01
1.641708755493164062e+01 -8.146037101745605469e+00
4.246786117553710938e+01 4.933202743530273438e+00
-6.241955184936523438e+01 -2.622701883316040039e+00
-4.073058319091796875e+01 1.709476232528686523e+00
-1.808983802795410156e+01 -7.702562808990478516e+00
1.600034523010253906e+01 -1.685284423828125000e+01
4.035194396972656250e+00 -1.419182968139648438e+01
3.481512832641601562e+01 1.345877170562744141e+01
3.021006011962890625e+01 -6.959046721458435059e-01
1.864241027832031250e+01 8.249841690063476562e+00
-3.988037490844726562e+01 4.909365653991699219e+00
-1.510057163238525391e+01 -1.347511768341064453e+01
7.531289577484130859e+00 1.678003668785095215e+00
-4.280678629875183105e-01 6.102009296417236328e+00
4.947296142578125000e+00 -1.978744506835937500e+01
3.031523323059082031e+01 -7.371376037597656250e+00
4.959257507324218750e+01 -2.117768526077270508e+00
-1.610746192932128906e+01 1.439998054504394531e+01
6.396880722045898438e+01 6.880276679992675781e+00
-4.872946929931640625e+01 3.522212266921997070e+00
1.100882530212402344e+00 -7.872690677642822266e+00
5.970440292358398438e+01 1.130748081207275391e+01
-4.740489196777343750e+01 2.134048938751220703e+00
1.320438385009765625e+01 6.006598100066184998e-02
-3.851924514770507812e+01 3.343855619430541992e+00
-5.568974685668945312e+01 5.887996673583984375e+00
-5.375817489624023438e+01 -2.513900279998779297e+00
6.686759185791015625e+01 2.174064397811889648e+00
1.359607696533203125e+01 1.561373710632324219e+01
2.366148680448532104e-01 9.263731002807617188e+00
-2.348307037353515625e+01 -9.186723709106445312e+00
-1.286254310607910156e+01 2.837754487991333008e+00
-4.022823810577392578e+00 3.110067844390869141e+00
-1.663841438293457031e+01 1.923630833625793457e+00
-2.731718254089355469e+01 1.732711911201477051e+00
1.253156948089599609e+01 -7.095292091369628906e+00
-3.565493392944335938e+01 1.309762120246887207e+00
-3.975032043457031250e+01 3.542676687240600586e+00
-2.710119438171386719e+01 -1.700528526306152344e+01
1.942419242858886719e+01 4.420489311218261719e+00
-1.482422447204589844e+01 -1.597546195983886719e+01
-1.879013824462890625e+01 -3.221839904785156250e+00
-1.081572818756103516e+01 -1.324568748474121094e+00
-5.470426940917968750e+01 1.060758209228515625e+01
-5.614522552490234375e+01 2.756494998931884766e+00
-1.625168418884277344e+01 3.881319284439086914e+00
-3.381717300415039062e+01 -1.666213274002075195e+00
-8.469267845153808594e+00 -5.173224210739135742e-01
2.204168885946273804e-01 1.532682991027832031e+01
5.547505378723144531e+00 -1.851940345764160156e+01
-5.768419647216796875e+01 -1.005038356781005859e+01
2.857906532287597656e+01 9.097320556640625000e+00
-5.935214996337890625e+01 -7.769959449768066406e+00
-6.479784393310546875e+01 -4.855367183685302734e+00
-6.965329170227050781e+00 -1.499879455566406250e+01
4.009669494628906250e+01 1.621446132659912109e+00
-5.539698123931884766e+00 1.810027122497558594e+00
-1.579316616058349609e+01 4.162804603576660156e+00
2.893996047973632812e+01 2.895043134689331055e+00
-8.653923988342285156e+00 1.008300209045410156e+01
-1.830407977104187012e+00 -9.407396316528320312e+00
-1.307895481586456299e-01 1.190276145935058594e+01
-3.047615242004394531e+01 -2.697134494781494141e+00
2.397697257995605469e+01 -1.532428503036499023e+00
-2.343829345703125000e+01 -3.780789613723754883e+00
-2.154591798782348633e+00 -5.907755851745605469e+00
2.641949844360351562e+01 8.064885139465332031e-01
1.321873545646667480e+00 -3.613886356353759766e+00
-4.398262786865234375e+01 -7.860157966613769531e+00
1.185514640808105469e+01 -5.604331016540527344e+00
-6.635688018798828125e+01 -2.753950834274291992e+00
7.162897586822509766e+00 -1.608191680908203125e+01
-4.810897827148437500e+01 1.108814239501953125e+01
-3.003627300262451172e+00 -6.745341300964355469e+00
-5.599647521972656250e+01 4.858061313629150391e+00
-2.954328727722167969e+01 1.169809722900390625e+01
-5.458537292480468750e+01 -1.730269908905029297e+00
-5.449424362182617188e+01 1.180367374420166016e+01
4.058894729614257812e+01 8.962397575378417969e+00
6.161809158325195312e+01 1.061536121368408203e+01
-5.665360450744628906e+00 2.958205938339233398e+00
2.204027175903320312e+01 7.268671989440917969e+00
2.369499397277832031e+01 -4.459461688995361328e+00
2.521408462524414062e+01 6.179003715515136719e+00
3.599679946899414062e+01 3.652528047561645508e+00
-1.966995239257812500e+01 -1.343969345092773438e+01
-5.305136871337890625e+01 -1.153248500823974609e+01
-2.521520137786865234e+00 -1.010379219055175781e+01
-4.826655960083007812e+01 8.708904981613159180e-01
8.282072544097900391e-01 -1.119353413581848145e+00
-1.500746726989746094e+01 -1.160226821899414062e+01
1.468333482742309570e+00 1.803811836242675781e+01
1.940800666809082031e+01 4.252918243408203125e+00
-2.549302816390991211e+00 -1.333655166625976562e+01
-5.924426651000976562e+01 3.527940511703491211e+00
5.487696170806884766e+00 -4.968335628509521484e+00
2.288201332092285156e+01 -1.310826063156127930e+00
-4.298803329467773438e+01 9.697742462158203125e+00
-1.961561393737792969e+01 -1.113637638092041016e+01
3.532534790039062500e+01 7.851940631866455078e+00
-1.091506290435791016e+01 1.143570041656494141e+01
-4.378550052642822266e-01 -8.703445434570312500e+00
4.955183506011962891e+00 -1.744097900390625000e+01
-3.300132369995117188e+01 1.247282123565673828e+01
-4.494738769531250000e+01 3.416294813156127930e+00
-2.426399230957031250e+00 1.613665390014648438e+01
-6.473455429077148438e+00 1.788957023620605469e+01
-6.176001358032226562e+01 -5.766462326049804688e+00
2.732301950454711914e+00 -1.483209705352783203e+01
-5.584251785278320312e+01 8.121410369873046875e+00
2.956307601928710938e+01 -9.419928550720214844e+00
1.652539825439453125e+01 -5.966428756713867188e+00
-3.270872116088867188e+00 -1.341919994354248047e+01
-3.139823532104492188e+01 7.663377761840820312e+00
-2.666564559936523438e+01 1.001680946350097656e+01
-4.721736431121826172e+00 -1.345729541778564453e+01
2.753656959533691406e+01 1.278675937652587891e+01
-5.194870758056640625e+01 -5.612473487854003906e-01
6.088704681396484375e+01 6.656620979309082031e+00
1.029934978485107422e+01 -4.759957790374755859e+00
2.754292297363281250e+01 2.391623258590698242e+00
1.335800743103027344e+01 2.636321306228637695e+00
-4.402446365356445312e+01 1.228278827667236328e+01
6.312202453613281250e+01 8.698445320129394531e+00
-3.774839019775390625e+01 -3.185792446136474609e+00
-2.035281419754028320e+00 1.680836677551269531e+01
-2.852357101440429688e+01 7.521060466766357422e+00
1.799083709716796875e+01 -5.503320217132568359e+00
3.084976434707641602e+00 2.980633497238159180e+00
-5.938684844970703125e+01 7.474426746368408203e+00
3.600067901611328125e+01 1.140399742126464844e+01
-1.955727195739746094e+01 8.848685264587402344e+00
2.689946413040161133e+00 2.544867277145385742e+00
-3.410659408569335938e+01 3.639269471168518066e-01
2.717471313476562500e+01 1.071269512176513672e+00
-6.031175994873046875e+01 5.603249549865722656e+00
-5.583208084106445312e+00 3.053982928395271301e-02
-4.901949691772460938e+01 9.263010978698730469e+00
-1.037478446960449219e+01 1.632636934518814087e-01
-5.302198028564453125e+01 8.636775970458984375e+00
-8.051722526550292969e+00 4.720977783203125000e+00
-1.109885692596435547e+01 2.472324609756469727e+00
-3.777084350585937500e+01 1.558250665664672852e+00
-5.356393051147460938e+01 -5.775988578796386719e+00
2.215679931640625000e+01 1.613481789827346802e-01
5.180631256103515625e+01 3.755954504013061523e+00
-2.380234336853027344e+01 3.256455659866333008e+00
8.796929359436035156e+00 4.252271652221679688e+00
3.424031829833984375e+01 1.408364105224609375e+01
1.493184280395507812e+01 -1.123763847351074219e+01
4.321331024169921875e+01 7.798460483551025391e+00
9.603428840637207031e+00 1.569291496276855469e+01
-5.119400024414062500e+01 1.743442416191101074e+00
5.539846801757812500e+01 7.893245697021484375e+00
-7.066401481628417969e+00 -4.944397449493408203e+00
-5.259902954101562500e+01 -1.746695637702941895e+00
-5.015581130981445312e+01 9.797195434570312500e+00
7.792093753814697266e+00 -1.468443775177001953e+01
-6.400134277343750000e+01 1.601972460746765137e+00
-3.050889396667480469e+01 -8.314517021179199219e+00
5.836825561523437500e+01 2.842304468154907227e+00
-3.835376739501953125e+00 1.275697135925292969e+01
-6.715252685546875000e+01 -3.371447324752807617e+00
-5.860053634643554688e+01 -6.762465953826904297e+00
-2.450794219970703125e+01 -1.269257831573486328e+01
-6.121202468872070312e+01 -4.887674331665039062e+00
-1.704297828674316406e+01 -2.444618701934814453e+00
7.811962604522705078e+00 -3.477535724639892578e+00
-6.191109466552734375e+01 -2.644645690917968750e+00
-4.597630310058593750e+01 -8.612523078918457031e+00
1.248349380493164062e+01 1.146984958648681641e+01
-8.484682440757751465e-01 -2.336852550506591797e+00
8.145369529724121094e+00 1.201727485656738281e+01
-4.296887874603271484e+00 -1.695830106735229492e+00
-1.582372856140136719e+01 -1.410609149932861328e+01
-6.167639541625976562e+01 8.405291557312011719e+00
1.902747917175292969e+01 8.287090301513671875e+00
5.811390399932861328e+00 -7.565316677093505859e+00
-1.204952621459960938e+01 5.799146175384521484e+00
-1.051917743682861328e+01 -3.400874614715576172e+00
-3.206369400024414062e+01 -4.872194766998291016e+00
-5.216127395629882812e+01 8.994703292846679688e+00
3.057301902770996094e+01 -2.635435581207275391e+00
2.057667732238769531e+01 -2.309913253784179688e+01
-4.186590957641601562e+01 9.716892242431640625e+00
-2.798310089111328125e+01 -5.584899902343750000e+00
4.086808013916015625e+01 -5.825340747833251953e+00
-2.328922599554061890e-01 -5.480004787445068359e+00
-5.785785293579101562e+01 1.114413452148437500e+01
2.284106969833374023e+00 -1.964994049072265625e+01
3.361675643920898438e+01 8.490225672721862793e-02
-7.902586460113525391e+00 1.177449893951416016e+01
1.848674011230468750e+01 6.030210018157958984e+00
1.431430697441101074e+00 -1.089622592926025391e+01
3.347285461425781250e+01 1.530721092224121094e+01
5.280687713623046875e+01 -4.757654190063476562e+00
1.633029556274414062e+01 -8.081842064857482910e-01
-2.036418342590332031e+01 -5.888308525085449219e+00
3.436837768554687500e+01 -1.316056919097900391e+01
5.489018249511718750e+01 4.311562061309814453e+00
-2.664762878417968750e+01 -3.127676844596862793e-01
9.528369903564453125e-01 -5.401039600372314453e+00
2.229923057556152344e+01 8.406853675842285156e+00
2.193337059020996094e+01 4.370985507965087891e+00
-3.976108551025390625e+01 5.925484180450439453e+00
3.404769897460937500e+01 -3.975122690200805664e+00
-4.657214355468750000e+01 4.193423271179199219e+00
-1.687331199645996094e+01 -1.540750503540039062e+01
5.611009523272514343e-02 1.333542704582214355e+00
3.318273925781250000e+01 -4.097510337829589844e+00
-2.459182929992675781e+01 -1.273059940338134766e+01
-5.651374053955078125e+01 7.716694355010986328e+00
-2.965147781372070312e+01 -3.846271753311157227e+00
-1.556986808776855469e+01 -4.970551967620849609e+00
-3.020090293884277344e+01 5.188472747802734375e+00
-5.648985671997070312e+01 -7.007410049438476562e+00
-5.537283706665039062e+01 -2.322906017303466797e+00
-4.378091812133789062e+01 -4.093638896942138672e+00
-5.987114715576171875e+01 -5.813612461090087891e+00
3.881624221801757812e+01 -9.601046562194824219e+00
-5.850547409057617188e+01 -8.211109161376953125e+00
2.537661933898925781e+01 -1.459213733673095703e+01
-6.294955444335937500e+01 -7.305337905883789062e+00
5.213271713256835938e+01 1.254192709922790527e+00
1.098916888236999512e+00 1.780433654785156250e+01
1.988756752014160156e+01 -6.896787643432617188e+00
-5.457214736938476562e+01 5.993111610412597656e+00
1.482098388671875000e+01 4.697287455201148987e-02
-4.974254608154296875e+01 -1.094311714172363281e+01
-4.420262145996093750e+01 -6.964447498321533203e+00
8.045874834060668945e-01 -1.197178936004638672e+01
-4.489288711547851562e+01 -3.214526176452636719e+00
-7.628821849822998047e+00 -2.068654251098632812e+01
-5.543866348266601562e+01 -6.975204944610595703e+00
-2.031531333923339844e+01 -5.857621192932128906e+00
4.351054382324218750e+01 -3.082677841186523438e+00
1.997755408287048340e+00 -5.459671020507812500e+00
-5.877674484252929688e+01 1.158152103424072266e+00
-1.714559364318847656e+01 -1.435311198234558105e+00
2.295866584777832031e+01 2.209846019744873047e+00
1.283967781066894531e+01 1.325079083442687988e+00
-3.155165481567382812e+01 -3.690403699874877930e+00
-5.771435546875000000e+01 -8.647124290466308594e+00
1.473791790008544922e+01 2.051906347274780273e+00
2.870652961730957031e+01 -9.852766036987304688e+00
-5.608123779296875000e+01 9.573207855224609375e+00
-8.982910156250000000e+00 -8.393503189086914062e+00
4.824370193481445312e+01 4.977796554565429688e+00
-1.017305850982666016e+01 6.637347698211669922e+00
2.557573318481445312e+01 6.103732585906982422e+00
-3.537602996826171875e+01 4.162645339965820312e+00
1.211390399932861328e+01 1.499691605567932129e+00
-7.456979751586914062e+00 -1.534166812896728516e+01
-3.498845291137695312e+01 -1.899606227874755859e+00
-4.049363708496093750e+01 -6.138585090637207031e+00
-5.445207977294921875e+01 -9.734671592712402344e+00
-6.079489135742187500e+01 -6.695818305015563965e-01
2.588597869873046875e+01 -6.335605621337890625e+00
2.367945671081542969e+01 1.002851843833923340e+00
-5.060764694213867188e+01 1.105558681488037109e+01
-1.366438579559326172e+01 1.406661891937255859e+01
-5.182905578613281250e+01 -6.238104343414306641e+00
5.439435958862304688e+01 -4.244868755340576172e+00
-4.441660308837890625e+01 8.263110160827636719e+00
7.343314647674560547e+00 -1.249921131134033203e+01
-7.325885772705078125e+00 -2.322394752502441406e+01
-5.471478652954101562e+01 -2.088051080703735352e+00
-5.706281280517578125e+01 1.115282630920410156e+01
-4.133467864990234375e+01 3.642764329910278320e+00
-3.030108213424682617e+00 -1.151015949249267578e+01
-5.723124313354492188e+01 2.105078220367431641e+00
-1.425757980346679688e+01 -1.091431498527526855e+00
4.468606567382812500e+01 -6.851337432861328125e+00
3.746401977539062500e+01 -5.508969783782958984e+00
7.829888343811035156e+00 -1.229016876220703125e+01
1.659751319885253906e+01 7.298223972320556641e+00
5.671020984649658203e+00 1.830472755432128906e+01
-6.695102691650390625e+00 4.574159622192382812e+00
3.356761550903320312e+01 -9.483960151672363281e+00
-3.135497093200683594e+01 -1.610981464385986328e+00
4.521887588500976562e+01 5.821031093597412109e+00
-5.482259750366210938e+00 7.855825424194335938e+00
1.345547795295715332e+00 1.161812686920166016e+01
7.504575729370117188e+00 1.821014881134033203e+00
3.145872497558593750e+01 -1.692074894905090332e+00
5.173886871337890625e+01 -7.582651376724243164e-01
-1.076240158081054688e+01 -1.554466342926025391e+01
-1.292921733856201172e+01 1.310283064842224121e+00
3.221421432495117188e+01 -1.314090967178344727e+00
3.196348190307617188e+01 9.612089157104492188e+00
4.799342346191406250e+01 1.311059379577636719e+01
3.872454452514648438e+01 -1.467161417007446289e+00
-2.755265533924102783e-01 -6.789249777793884277e-01
-6.536888122558593750e+00 -7.116467952728271484e+00
4.530730438232421875e+01 4.327064037322998047e+00
4.748272705078125000e+01 3.240298509597778320e+00
3.044930076599121094e+01 -1.410389709472656250e+01
-2.934823226928710938e+01 1.451548194885253906e+01
-2.082784271240234375e+01 -1.862975597381591797e+00
4.758290863037109375e+01 -5.254854202270507812e+00
6.537635040283203125e+01 4.943406581878662109e+00
6.002133941650390625e+01 6.425361037254333496e-01
2.475026893615722656e+01 -2.658960819244384766e+00
5.412559127807617188e+01 -4.346358776092529297e+00
3.188841629028320312e+01 -8.851670265197753906e+00
9.099542349576950073e-02 -2.315897750854492188e+01
1.152720546722412109e+01 1.312897014617919922e+01
5.013571739196777344e+00 -4.762060165405273438e+00
5.354207992553710938e+01 4.801655769348144531e+00
2.641318702697753906e+01 -1.797439575195312500e+01
-3.855361557006835938e+01 5.122544765472412109e+00
-5.172250747680664062e+01 5.398582458496093750e+00
3.650843048095703125e+01 1.435976386070251465e+00
-2.147455596923828125e+01 -7.626191973686218262e-01
-4.923575210571289062e+01 2.580542087554931641e+00
2.553070259094238281e+01 -3.264179944992065430e+00
-1.241268157958984375e+01 6.064608573913574219e+00
2.120886230468750000e+01 1.152226066589355469e+01
-1.301831626892089844e+01 -3.206589221954345703e+00
3.910092544555664062e+01 1.514869976043701172e+01
-2.544616508483886719e+01 3.488108396530151367e+00
3.113015365600585938e+01 5.334975719451904297e-01
4.606698226928710938e+01 -2.371267557144165039e+00
4.394603729248046875e+01 -1.023964595794677734e+01
-2.119440841674804688e+01 1.034348487854003906e+01
-1.509388828277587891e+01 9.284334182739257812e-01
6.780107498168945312e+00 -5.465829849243164062e+00
4.813789367675781250e+01 1.840416908264160156e+00
-5.078956222534179688e+01 5.331219196319580078e+00
4.099970626831054688e+01 4.287080168724060059e-01
2.031900024414062500e+01 -2.549238204956054688e+00
-1.760527801513671875e+01 3.062411546707153320e+00
-1.350124645233154297e+01 -1.932010841369628906e+01
-5.687758636474609375e+01 1.182170104980468750e+01
-4.786902904510498047e+00 -8.122709274291992188e+00
4.067242431640625000e+01 -3.741915225982666016e+00
-9.208856821060180664e-01 -1.643285369873046875e+01
-5.017911434173583984e+00 -8.673094749450683594e+00
-3.229182052612304688e+01 -3.022928237915039062e+00
-2.602416038513183594e+01 6.285859584808349609e+00
7.066292285919189453e+00 -1.341515421867370605e+00
5.635629272460937500e+01 8.776499748229980469e+00
4.094919967651367188e+01 3.174908638000488281e+00
5.409021759033203125e+01 7.730891704559326172e+00
-3.669933080673217773e+00 1.279907035827636719e+01
4.247825145721435547e+00 7.026228904724121094e+00
-9.818660736083984375e+00 1.109889698028564453e+01
8.920635223388671875e+00 -6.403654098510742188e+00
-6.980796337127685547e+00 1.081872367858886719e+01
-4.104293060302734375e+01 -5.929514884948730469e+00
4.274274349212646484e+00 -1.535834598541259766e+01
6.658944702148437500e+01 5.009900093078613281e+00
-4.020457077026367188e+01 -8.573482513427734375e+00
-1.318601703643798828e+01 8.422583937644958496e-01
2.476771736145019531e+01 8.985291481018066406e+00
-3.583948516845703125e+01 6.012676239013671875e+00
3.676317977905273438e+01 1.271024227142333984e+00
-3.137633895874023438e+01 1.566522121429443359e+00
-7.418751716613769531e+00 -2.262202072143554688e+01
1.075885963439941406e+01 -4.556826114654541016e+00
-4.924703979492187500e+01 6.788385868072509766e+00
-1.440672111511230469e+01 5.750459671020507812e+00
-4.398364257812500000e+01 1.159431076049804688e+01
2.440554809570312500e+01 -8.494383811950683594e+00
7.125746726989746094e+00 -1.445202827453613281e+01
1.676328927278518677e-01 1.205090236663818359e+01
1.746222686767578125e+01 1.083505439758300781e+01
-5.458005523681640625e+01 -9.026662826538085938e+00
-9.247530937194824219e+00 -1.787781715393066406e+00
1.879495048522949219e+01 -2.162540674209594727e+00
